CONFIGURATION: 
Training time: 504 
lr: 0.0002
wd: 0.0001
d_model: 512
n_heads: 16
n_layers: 2
d_ff: 512
batch_size: 512
dropout: 0.1180492167686078
margin: 0.7430909017394276
epsilon: 1e-05
Train losses 
0.614306777715683
0.5934101998806
0.5899355947971344
0.5359783470630646
0.479936808347702
0.4350666284561157
0.38800462782382966
0.35153034031391145
0.3278163582086563
0.3102909207344055
0.2795798063278198
0.2537730738520622
0.24321500211954117
0.22913396656513213
0.2176523044705391
0.20694324672222136
0.18635614961385727
0.1902460351586342
0.17660011053085328
0.16814766973257064
Val losses 
0.4774206280708313
0.4903535544872284
0.4051642417907715
0.3846876919269562
0.34899502992630005
0.3153618276119232
0.30251628160476685
0.26748034358024597
0.254854291677475
0.23288853466510773
0.19504737854003906
0.2013988196849823
0.16780979931354523
0.1557721644639969
0.14794296026229858
0.150142639875412
0.14326229691505432
0.1415730118751526
0.1276823729276657
0.11783698201179504
