CONFIGURATION: 
lr: 2e-05
wd: 0.0005
d_model: 64
n_heads: 8
n_layers: 4
d_ff: 1024
batch_size: 512
dropout: 0.10954404909368805
margin: 0.7999761741022153
epsilon: 0.1
Train losses 
0.6083545312285423
0.5944953188300133
0.6057978868484497
0.5972749888896942
0.6067934967577457
0.6122674196958542
0.6018958389759064
0.6000098660588264
0.6117293983697891
0.6112666577100754
0.600932102650404
0.6027909703552723
0.5955629423260689
0.6058032773435116
Val losses 
0.4653229018052419
0.46603379646937054
0.4490775565306346
0.45837069551150006
0.47414591908454895
0.46538009246190387
0.47001978754997253
0.4289775987466176
0.46747560302416485
0.4496437907218933
0.44055033723513287
0.46021708846092224
0.48103274901707965
0.48114057381947833
