CONFIGURATION: 
Training time: 10298 
lr: 2e-05
wd: 0.001
d_model: 512
n_heads: 16
n_layers: 4
d_ff: 128
batch_size: 16
dropout: 0.19398231970940444
margin: 0.3761031770701753
epsilon: 1e-07
Train losses 
0.3688458342211587
0.3519784711088453
0.3240425911971501
0.29516399911471775
0.2487647146838052
0.24427086864198957
0.21712554676192147
0.20163735900606428
0.20287204555102756
0.1829955460344042
0.17347503917557852
0.15361618484769549
0.15914340036255972
0.14206306542669023
0.15022219811167037
0.13676512105124336
0.1331505412714822
0.119924498966762
0.11308170216424125
0.12291734831673759
0.10967090453420367
0.11301306026322501
0.10527646337236676
0.10895073005131313
0.10258363246917725
0.09563651204109191
0.09571016260555812
0.09613441552434648
0.0930143700327192
0.08898838298661368
0.09329050711223057
0.0820600071975163
0.08688984632492065
0.0778531427042825
0.0789366032396044
0.07806703209877014
0.07241798196520124
0.08020369802202497
0.07060814380645752
0.0746420783655984
0.06788801193237305
0.07037932089396885
0.07135855368205479
0.06414842077663967
0.06124747565814427
0.061343476261411393
0.06189465931483677
0.05672493798392159
0.062106789350509645
0.05875244327953884
0.05602381604058402
0.058071038382393976
0.05772781899997166
0.05669130189078195
0.05496697459902082
0.05198761854852949
0.05336094890322004
0.05411042945725577
0.052794977767126904
0.04987315535545349
0.05138100641114371
0.04971854771886553
0.05019334077835083
0.04765128765787397
0.05000450730323792
0.050198275872639246
0.04262091960225786
0.04714484453201294
0.04730937242507935
0.04540220958845956
0.05205465418951852
0.04814906682286944
0.04363913723400661
0.046847785540989464
0.050655371120997834
0.04592454399381365
0.04863990988050188
0.043277592829295566
0.03947067362921579
0.04076129078865051
0.04641038417816162
0.04031930412564959
0.041174387761524746
0.036237280198505945
0.03992340411458697
0.03815196326800755
0.03647383775029864
0.04056391017777579
0.041394982337951663
0.03835355775696891
0.041359145981924875
0.035632859979357036
0.03495975255966186
0.033192371470587595
0.03509557604789734
0.03757674421582903
0.0382014216695513
0.03237803748675755
0.03545931203024728
0.03692169632230486
0.03635759336607797
0.03304673433303833
0.03274816598211016
0.03520658986909049
0.03522957767759051
0.03688945344516209
0.035597501482282363
0.033148764882768904
0.0341496513571058
0.03667812705039978
Val losses 
0.27175453305244446
0.3185688257217407
0.3362850248813629
0.31602969765663147
0.2704274654388428
0.2719663977622986
0.23131611943244934
0.24104833602905273
0.22898909449577332
0.1784791201353073
0.18115423619747162
0.1951741874217987
0.16629290580749512
0.16404224932193756
0.13110578060150146
0.128436878323555
0.11604182422161102
0.12596553564071655
0.14767947793006897
0.12391462922096252
0.11295238882303238
0.11072457581758499
0.1160036027431488
0.10873912274837494
0.08829411119222641
0.1053137555718422
0.0957886204123497
0.11101453006267548
0.08003834635019302
0.1001158356666565
0.08817780762910843
0.07903098315000534
0.07365162670612335
0.07175355404615402
0.09736707806587219
0.06446904689073563
0.07840638607740402
0.06281823664903641
0.0661851167678833
0.061691805720329285
0.07230119407176971
0.06351187825202942
0.048829883337020874
0.06915324926376343
0.06788213551044464
0.07694356888532639
0.051545239984989166
0.04674888774752617
0.060784321278333664
0.05322534963488579
0.05221954733133316
0.062147367745637894
0.07287437468767166
0.04674564301967621
0.04320666193962097
0.04874498397111893
0.02992355264723301
0.05024081468582153
0.05704031139612198
0.05260002613067627
0.0454595685005188
0.03689763322472572
0.03358282893896103
0.0426093228161335
0.042485952377319336
0.041341859847307205
0.042437952011823654
0.044952768832445145
0.04722950607538223
0.03252101689577103
0.0389389805495739
0.03808512166142464
0.04726818948984146
0.042830690741539
0.04255082085728645
0.041142623871564865
0.03866733983159065
0.0257981289178133
0.04029809311032295
0.0289477352052927
0.029652906581759453
0.03279125690460205
0.04299045726656914
0.03754806146025658
0.03644094988703728
0.03906889632344246
0.034188371151685715
0.041952960193157196
0.029203230515122414
0.040416497737169266
0.02832750417292118
0.029834311455488205
0.030732495710253716
0.03233187645673752
0.03456497937440872
0.035311780869960785
0.031815141439437866
0.029956843703985214
0.027585795149207115
0.030598271638154984
0.029395125806331635
0.028041759505867958
0.032024119049310684
0.031120793893933296
0.028571056202054024
0.022567013278603554
0.01735549606382847
0.03394602611660957
0.025657447054982185
0.03244367986917496
