CONFIGURATION: 
Training time: 679 
lr: 1e-05
wd: 0.1
d_model: 16
n_heads: 2
n_layers: 4
d_ff: 2048
batch_size: 256
dropout: 0.6682999830532892
margin: 0.7661155628828655
epsilon: 0.0001
Train losses 
0.9411296555490205
0.9384952332034255
0.9435058543176362
0.9188848372661707
0.9067565004030863
0.9239200353622437
0.9205149881767504
0.9182458086447283
0.9039518580292211
0.9163529005917636
0.8890119538162694
0.893201186801448
0.8894646619305466
0.8682092229525248
0.8939565673018947
0.895680738217903
0.8866919766772877
0.8954699509071581
0.8964317802226904
0.8812120881947604
0.8680875680663369
0.869521540222746
0.878298712499214
0.8862018043344672
0.8874985322807775
Val losses 
0.5984656810760498
0.5902522206306458
0.5846980810165405
0.601924479007721
0.5939326286315918
0.5911825299263
0.5855782628059387
0.601150393486023
0.5871958136558533
0.6074901223182678
0.6016867756843567
0.6047181487083435
0.6098641157150269
0.6007878184318542
0.618942141532898
0.6153237819671631
0.6183369755744934
0.603479266166687
0.6112105250358582
0.6316774487495422
0.6144281029701233
0.6158518195152283
0.6068813800811768
0.6106518507003784
0.6097263097763062
