CONFIGURATION: 
Training time: 810 
lr: 0.001
wd: 0.005
d_model: 256
n_heads: 16
n_layers: 4
d_ff: 1024
batch_size: 128
dropout: 0.037526191889284105
margin: 0.9457259592737651
epsilon: 0.0001
Train losses 
0.5486513714292156
0.3682845326057121
0.2862871447161062
0.26866519740268363
0.2518686091721947
0.19998999407042317
0.1907104253768921
0.16713320007964746
0.1570335374172054
0.15910920767641779
0.140508131527189
0.12828389894384057
0.13111910440806132
0.12550290618369828
0.11804340257128673
0.1163769576754143
0.10314894717798304
0.10737869026723193
0.10208932365944136
0.09006174509205035
Val losses 
0.4021933078765869
0.241438627243042
0.25604522228240967
0.24262650310993195
0.19459594786167145
0.18747524917125702
0.15936876833438873
0.15358474850654602
0.14473910629749298
0.16057874262332916
0.114060178399086
0.13500019907951355
0.09386316686868668
0.11034297198057175
0.08945288509130478
0.10572456568479538
0.07907040417194366
0.10695157945156097
0.09425823390483856
0.07596057653427124
