CONFIGURATION: 
Training time: 1827 
lr: 1e-05
wd: 0.005
d_model: 16
n_heads: 2
n_layers: 3
d_ff: 2048
batch_size: 512
dropout: 0.33916494757265314
margin: 0.2878241662422682
epsilon: 0.001
Train losses 
0.6814124345779419
0.6351976275444031
0.6317563474178314
0.5946545779705048
0.6217814743518829
0.6124377310276031
0.5861725270748138
0.5956605672836304
0.5701983422040939
0.5378121614456177
0.552240052819252
0.5647918701171875
0.5360057175159454
0.5300585478544235
0.5008829027414322
0.519798019528389
0.5342507004737854
0.4736901015043259
0.4749331623315811
0.49716518819332123
0.47721045315265653
0.4500340074300766
0.46973015666007994
0.4720546454191208
0.4466192662715912
0.4502400904893875
0.4564514756202698
0.42958476543426516
0.4379017174243927
0.43919053971767424
0.41294167637825013
0.42900137007236483
0.4493070185184479
0.4242837518453598
0.42263362407684324
0.42205954492092135
0.4181110143661499
0.39635182321071627
0.4184263080358505
0.39975891411304476
0.4292936950922012
0.39709573090076444
0.40697613060474397
0.40728739798069
0.3981743097305298
0.3988367587327957
0.40084725320339204
0.3932854652404785
0.38347102999687194
0.38349472284317015
0.3889373689889908
0.39957391917705537
0.39207414388656614
0.37740578651428225
0.3512605160474777
0.38737972378730773
0.36123493909835813
0.3943623661994934
0.39543103575706484
0.36993233263492586
0.39256620705127715
0.3817406177520752
0.3848742038011551
0.376938009262085
0.3877543151378632
0.3844512224197388
0.36785386204719545
0.3818293482065201
0.3818412035703659
0.37853239476680756
Val losses 
0.29922446608543396
0.27907270193099976
0.2829832136631012
0.28122076392173767
0.2641358971595764
0.27171090245246887
0.2854834198951721
0.26663655042648315
0.27621859312057495
0.2616901993751526
0.2643161416053772
0.2601058781147003
0.2550787627696991
0.23806482553482056
0.24321019649505615
0.23194915056228638
0.234511598944664
0.24067646265029907
0.24135176837444305
0.23358623683452606
0.2317715287208557
0.2252873331308365
0.21978554129600525
0.22328166663646698
0.22617870569229126
0.22713688015937805
0.2131224274635315
0.21585087478160858
0.2188998907804489
0.21941517293453217
0.20869271457195282
0.21472521126270294
0.21953143179416656
0.21701741218566895
0.21804286539554596
0.20975139737129211
0.2052246481180191
0.22099104523658752
0.21435412764549255
0.21455249190330505
0.2146691083908081
0.21056437492370605
0.2123580425977707
0.2047480046749115
0.2093391865491867
0.21309031546115875
0.20889124274253845
0.21193113923072815
0.2139970064163208
0.2125725895166397
0.20472587645053864
0.21158188581466675
0.21264930069446564
0.20994862914085388
0.2173897624015808
0.21699397265911102
0.21602389216423035
0.22051770985126495
0.2134537398815155
0.21346282958984375
0.22029665112495422
0.2121278941631317
0.20788350701332092
0.20838579535484314
0.2069859355688095
0.20851387083530426
0.21430540084838867
0.21000835299491882
0.22168315947055817
0.21622267365455627
