CONFIGURATION: 
Training time: 1306 
lr: 0.0002
wd: 0.001
d_model: 1024
n_heads: 16
n_layers: 3
d_ff: 128
batch_size: 1024
dropout: 0.41245117697295186
margin: 0.5196781513235245
epsilon: 0.1
Train losses 
0.7400797456502914
0.7615562379360199
0.7563637346029282
0.7428308874368668
0.7646099328994751
0.7779182717204094
0.7104762941598892
0.7817573472857475
0.7732372209429741
0.7593050673604012
0.7388556003570557
0.760201208293438
0.767182432115078
0.7973283231258392
0.755826361477375
0.7552939131855965
0.7594166621565819
0.7452872395515442
0.77679093927145
Val losses 
0.3992300033569336
0.41840529441833496
0.4069083333015442
0.4041275084018707
0.43654653429985046
0.437823086977005
0.40323570370674133
0.3952735662460327
0.4019854962825775
0.3927013874053955
0.4394676983356476
0.4115144908428192
0.4027724862098694
0.3814789056777954
0.4563986659049988
0.3734629154205322
0.39409351348876953
0.4402507245540619
0.4476889371871948
