CONFIGURATION: 
Training time: 224 
lr: 0.001
wd: 0.05
d_model: 16
n_heads: 8
n_layers: 1
d_ff: 2048
batch_size: 2048
dropout: 0.3239892501409687
margin: 0.7151849647678925
epsilon: 0.0001
Train losses 
0.8673575073480606
0.8281153589487076
0.778591126203537
0.777029424905777
0.7650275230407715
0.7739783674478531
0.7586937844753265
0.7580153346061707
0.7730347663164139
0.7628125995397568
0.766808807849884
0.7604915648698807
0.7725543677806854
0.7666033506393433
0.7582926601171494
0.7582636922597885
0.762923926115036
0.7563287764787674
0.7524406760931015
0.7577752321958542
0.7579120993614197
0.7618081122636795
0.7559179961681366
0.7585480362176895
0.7593676596879959
Val losses 
0.4788391590118408
0.47317492961883545
0.4838372468948364
0.5119493007659912
0.554785966873169
0.5551716089248657
0.5655482411384583
0.5643157958984375
0.5597848296165466
0.5589335560798645
0.5627269744873047
0.577818751335144
0.5668683648109436
0.5699731111526489
0.5595837831497192
0.5644361972808838
0.564111590385437
0.568073034286499
0.5741982460021973
0.5602365732192993
0.5746489763259888
0.5595363974571228
0.5708927512168884
0.5634609460830688
0.5702216029167175
