CONFIGURATION: 
Training time: 267 
lr: 0.001
wd: 0.005
d_model: 512
n_heads: 4
n_layers: 1
d_ff: 256
batch_size: 2048
dropout: 0.3714352464014895
margin: 0.6172779765963078
epsilon: 0.1
Train losses 
0.8645504415035248
0.8541419059038162
0.8475974500179291
0.837881550192833
0.8488464057445526
0.839993491768837
0.8672018498182297
0.8494450896978378
0.8275257498025894
0.8492292612791061
0.8297550082206726
0.8216634094715118
0.8632528930902481
0.834633469581604
0.8330890834331512
0.8402921855449677
0.8448781669139862
Val losses 
0.48084214329719543
0.5107575058937073
0.5141910314559937
0.5067394375801086
0.5389617085456848
0.510635256767273
0.49994391202926636
0.530898928642273
0.49683040380477905
0.5005698800086975
0.501754879951477
0.47562819719314575
0.5108985304832458
0.47284239530563354
0.5193834900856018
0.5265483260154724
0.540913999080658
