CONFIGURATION: 
Training time: 1357 
lr: 1e-06
wd: 0.005
d_model: 1024
n_heads: 16
n_layers: 1
d_ff: 128
batch_size: 1024
dropout: 0.6367514906795301
margin: 0.46626199339757524
epsilon: 1e-05
Train losses 
0.7759419679641724
0.7807202264666557
0.7877349257469177
0.7553432509303093
0.7412542924284935
0.7499539703130722
0.7474131435155869
0.7792518585920334
0.7394974678754807
0.7032163441181183
0.75276068598032
0.7854339852929115
0.7585058733820915
0.7494689598679543
0.7828766033053398
0.766049787402153
0.760926827788353
0.7506323233246803
0.795833133161068
Val losses 
0.3526439964771271
0.33284130692481995
0.3693102300167084
0.35512852668762207
0.34252220392227173
0.3240559995174408
0.3673645853996277
0.3773481845855713
0.30534645915031433
0.37404173612594604
0.3284416198730469
0.3297901749610901
0.3765329122543335
0.329741895198822
0.3432771861553192
0.32475847005844116
0.3313559293746948
0.3583706021308899
0.3733542561531067
