CONFIGURATION: 
Training time: 737 
lr: 0.0001
wd: 0.01
d_model: 512
n_heads: 16
n_layers: 1
d_ff: 256
batch_size: 2048
dropout: 0.7567930524846722
margin: 0.5034157895054295
epsilon: 1e-05
Train losses 
0.7468083649873734
0.7630553841590881
0.7535637617111206
0.7581380307674408
0.761975422501564
0.7486063838005066
0.7387131303548813
0.7471629530191422
0.749676451086998
0.7538929134607315
0.7574194967746735
0.7624522298574448
0.7635819166898727
0.7453414499759674
0.7593645006418228
0.7500420659780502
0.7617885321378708
0.7618056684732437
0.7422774881124496
Val losses 
0.34006163477897644
0.36261841654777527
0.35760971903800964
0.38572943210601807
0.3659381866455078
0.3652312457561493
0.3673744201660156
0.3406408429145813
0.3701464831829071
0.3734809458255768
0.36367806792259216
0.34225529432296753
0.3312776982784271
0.3731139302253723
0.34372714161872864
0.3321024477481842
0.348037451505661
0.3534759283065796
0.3605775535106659
