CONFIGURATION: 
Training time: 147 
lr: 0.001
wd: 0.005
d_model: 64
n_heads: 16
n_layers: 2
d_ff: 512
batch_size: 2048
dropout: 0.08242274296054629
margin: 0.6145387748765625
epsilon: 0.01
Train losses 
0.7487359493970871
0.7299120724201202
0.7353991717100143
0.7018036246299744
0.6919411420822144
0.6662205904722214
0.6443334817886353
0.6565993130207062
0.6423652172088623
0.6425997018814087
0.6399713009595871
0.6372952163219452
0.6228903383016586
0.6322806626558304
0.6317974478006363
0.6245603263378143
0.6147239208221436
0.6178973019123077
0.6183073818683624
Val losses 
0.34995561838150024
0.3524438440799713
0.33796119689941406
0.34318795800209045
0.31945180892944336
0.33107611536979675
0.3352668583393097
0.3239315450191498
0.3178761303424835
0.3356437385082245
0.34256085753440857
0.33523356914520264
0.34215596318244934
0.358515202999115
0.34399762749671936
0.34113019704818726
0.34306958317756653
0.35327157378196716
0.35357025265693665
