CONFIGURATION: 
Training time: 157 
lr: 0.0001
wd: 0.05
d_model: 32
n_heads: 2
n_layers: 1
d_ff: 256
batch_size: 2048
dropout: 0.04860276631195362
margin: 0.9086778700940811
epsilon: 0.1
Train losses 
0.9943892061710358
0.9866264164447784
0.9825821071863174
1.0200181752443314
0.9895770102739334
0.9845632016658783
0.9865337759256363
0.9833941161632538
1.002200186252594
0.9973080009222031
0.9825548529624939
0.9956717193126678
0.985281229019165
0.9819842427968979
1.0062318742275238
1.007706105709076
0.9921638816595078
0.9886622875928879
0.9980527013540268
0.9756762534379959
1.0044006705284119
0.9719634056091309
0.9850035607814789
Val losses 
0.624289333820343
0.6072017550468445
0.6164418458938599
0.6147013306617737
0.6144149303436279
0.607530415058136
0.6091530919075012
0.6295890808105469
0.621939480304718
0.5943964719772339
0.6136306524276733
0.6386761665344238
0.6136752367019653
0.613369882106781
0.5883371829986572
0.606244683265686
0.6005744338035583
0.6044684052467346
0.5911158919334412
0.5882605910301208
0.5971035361289978
0.6269442439079285
0.6302118301391602
