CONFIGURATION: 
Training time: 4550 
lr: 1e-05
wd: 0.05
d_model: 512
n_heads: 2
n_layers: 3
d_ff: 512
batch_size: 2048
dropout: 0.08548128089361536
margin: 0.5721939116003427
epsilon: 1e-05
Train losses 
0.9671632200479507
0.9380873441696167
0.9008874297142029
0.9138195067644119
0.8727934211492538
0.8710131794214249
0.8641689419746399
0.8667128682136536
0.8374106287956238
0.8081006854772568
0.824265792965889
0.7792066335678101
0.7820792347192764
0.7782974243164062
0.7769659608602524
0.7903184294700623
0.7601735293865204
0.7755225896835327
0.7506165355443954
0.7485683262348175
0.7259781509637833
0.7664067894220352
0.7558885961771011
0.7490985244512558
0.7653155624866486
Val losses 
0.5810601115226746
0.5630505084991455
0.5650283098220825
0.5814003348350525
0.47390317916870117
0.5357446670532227
0.5570333003997803
0.47436368465423584
0.4914345145225525
0.4876764118671417
0.49192023277282715
0.40129464864730835
0.4293079376220703
0.4224148392677307
0.44076454639434814
0.44316375255584717
0.4364519417285919
0.44223400950431824
0.42904871702194214
0.40597808361053467
0.4400734305381775
0.4521813988685608
0.40336930751800537
0.442062109708786
0.40842297673225403
