CONFIGURATION: 
Training time: 612 
lr: 1e-06
wd: 0.1
d_model: 16
n_heads: 8
n_layers: 3
d_ff: 512
batch_size: 2048
dropout: 0.3550767210122066
margin: 0.5554873318399192
epsilon: 1e-07
Train losses 
0.7634435594081879
0.760606124997139
0.7452754229307175
0.743950292468071
0.7455890327692032
0.7470606118440628
0.7451635301113129
0.7555719316005707
0.761112779378891
0.7420313209295273
0.7384947836399078
0.7622829377651215
0.7477567940950394
0.7557427734136581
0.7505675405263901
0.7521311938762665
0.7655229568481445
0.753128781914711
0.7492476254701614
Val losses 
0.4676977952450176
0.4737337784532725
0.4749231653429894
0.4709211115834521
0.4513963096725303
0.475988814342608
0.48696860025406913
0.4799896337933182
0.4541448849977383
0.44253853116403846
0.48166290951187324
0.46966387831411255
0.4940608559847522
0.46915737884486447
0.47610800898055783
0.4719872172300008
0.4720936894481212
0.4730575939953359
0.48153332775828
