CONFIGURATION: 
Training time: 1139 
lr: 2e-06
wd: 0.01
d_model: 128
n_heads: 8
n_layers: 2
d_ff: 512
batch_size: 2048
dropout: 0.31706321316880715
margin: 0.7921266749912559
epsilon: 0.01
Train losses 
0.9064677059650421
0.9127663373947144
0.9410373121500015
0.9270134717226028
0.9267271608114243
0.9500548094511032
0.9348372966051102
0.9412349760532379
0.9515660554170609
0.9200307577848434
0.9340352416038513
0.9196273386478424
0.9374921172857285
0.9352042973041534
0.9305433928966522
0.9224389642477036
0.9387720972299576
0.9432092308998108
0.9343263059854507
0.922818511724472
0.9357123374938965
Val losses 
0.5769712226832641
0.6006181900852889
0.5800363198284971
0.5933624864719418
0.5754029133846669
0.5996554319050942
0.5784072672464216
0.5854067392828399
0.5571577251440509
0.5903068839505452
0.5849657081900771
0.6030365830817653
0.5891908682210584
0.6043887900893975
0.5828569905298069
0.601142831778668
0.6161370996138265
0.5634566218965057
0.5750276080213451
0.5851641329863727
0.5873699537294739
