CONFIGURATION: 
Training time: 419 
lr: 1e-05
wd: 0.01
d_model: 32
n_heads: 8
n_layers: 1
d_ff: 512
batch_size: 2048
dropout: 0.27234669133391487
margin: 0.3911157821043279
epsilon: 0.0001
Train losses 
0.6776829957962036
0.6741879731416702
0.6658314913511276
0.669553816318512
0.6843724995851517
0.6638333797454834
0.6711935698986053
0.6653729528188705
0.702630415558815
0.6861568987369537
0.6664139777421951
0.6677716225385666
0.6847668141126633
0.6763707995414734
0.6739960610866547
0.6626609414815903
0.655819833278656
0.6547751724720001
0.6432194113731384
0.6746445745229721
0.6542636156082153
0.6663743108510971
0.6616705656051636
0.6625721454620361
0.641123503446579
Val losses 
0.405878092455645
0.4285495176887203
0.40105116657151973
0.3959375147816943
0.4242863004623652
0.38688806402947307
0.38124340312149896
0.3999932246360181
0.4185566577571331
0.39297641869302313
0.4161010867901456
0.4257332373154865
0.39658469261187984
0.39575980792877674
0.4044068322704651
0.385866308328205
0.40080844724841663
0.4058978974271761
0.38343161972453954
0.4081071104506169
0.41301123790648225
0.40457545313430693
0.4127779820363371
0.4112904915482466
0.38703066403642983
