CONFIGURATION: 
Training time: 172 
lr: 2e-06
wd: 0.0001
d_model: 256
n_heads: 16
n_layers: 3
d_ff: 256
batch_size: 2048
dropout: 0.4404253568973235
margin: 0.4964495723028571
epsilon: 0.01
Train losses 
0.749416172504425
0.7569599747657776
0.7471659630537033
0.7316273897886276
0.7737018465995789
0.7513726651668549
0.7408717423677444
0.7460012882947922
0.7556706219911575
0.7546544820070267
0.7445722222328186
0.7400995641946793
0.7165185511112213
0.7481073588132858
0.7530049830675125
0.7763708829879761
0.7583152949810028
0.7547753602266312
0.7538657486438751
Val losses 
0.39405307173728943
0.3700218200683594
0.389147013425827
0.3984931707382202
0.383478581905365
0.3721522390842438
0.3836929202079773
0.3955551087856293
0.3621026873588562
0.37187784910202026
0.39937421679496765
0.3913828134536743
0.3850395679473877
0.3860228955745697
0.37129896879196167
0.3664865493774414
0.38403502106666565
0.3846481144428253
0.39972540736198425
