CONFIGURATION: 
Training time: 389 
lr: 0.001
wd: 0.0001
d_model: 32
n_heads: 4
n_layers: 2
d_ff: 256
batch_size: 2048
dropout: 0.522413686128471
margin: 0.8449911424129709
epsilon: 1e-06
Train losses 
1.020718291401863
1.0103727579116821
0.9730654954910278
0.9486750364303589
0.9534347206354141
0.9219825863838196
0.9303169101476669
0.915880560874939
0.9035056680440903
0.9003992676734924
0.8852990865707397
0.8889851421117783
0.8949594646692276
0.8848142921924591
0.8830912411212921
0.8949668705463409
0.8824547082185745
0.8784322440624237
0.8922618627548218
0.8752793520689011
Val losses 
0.6789978356183638
0.6998985923991726
0.6829138401712617
0.6709084794174845
0.6705083226204434
0.7023756567817453
0.6558846096487576
0.6537785503363236
0.6743194947108779
0.6582755039409326
0.6767700481002618
0.6745192611430028
0.6939116631373401
0.6913231902673784
0.6972086834688562
0.6997509336613243
0.689336172797627
0.6959783004980227
0.7003834321974163
0.7007867352889074
