CONFIGURATION: 
Training time: 3382 
lr: 0.002
wd: 0.1
d_model: 512
n_heads: 16
n_layers: 4
d_ff: 1024
batch_size: 2048
dropout: 0.49945836458099946
margin: 0.3164254620723199
epsilon: 0.1
Train losses 
0.6291319578886032
0.6396365016698837
0.6178235113620758
0.6252893060445786
0.6035688519477844
0.6088922768831253
0.6056208461523056
0.6326651126146317
0.6349999606609344
0.619388535618782
0.6224722415208817
0.6132600158452988
0.6296188235282898
0.6422373950481415
0.6295046955347061
0.632217600941658
0.5953571647405624
0.6173747479915619
0.6121688783168793
0.6310303062200546
0.6154181510210037
0.6120201200246811
0.6257365196943283
0.6208891272544861
0.6029151380062103
Val losses 
0.25265321005105584
0.2790466264284733
0.2533730476498926
0.2546217561347751
0.24617449906244593
0.2363358404364604
0.2482319666462161
0.2476715013698782
0.24544347292149407
0.24833676932245766
0.244175390061142
0.2350955125385204
0.25253496937723435
0.2537369787338809
0.24516839532836715
0.24811299487360744
0.23102731926257
0.2526335713671453
0.24531002291983878
0.2299706671831738
0.23945479854128285
0.24159007688137984
0.24070718622027315
0.23449694099199572
0.2463638634375145
