CONFIGURATION: 
lr: 0.002
wd: 0.0005
d_model: 512
n_heads: 4
n_layers: 3
d_ff: 2048
batch_size: 16
dropout: 0.6683824663194486
margin: 0.7084203229623717
epsilon: 0.01
Train losses 
0.8829186329135188
0.8632696217960781
0.8756456514199574
0.8891892448619559
0.861598323671906
0.8598922347580945
0.8630877684663844
0.8898828749303465
0.8677451482525578
0.8521125279091023
0.8584838995227108
0.8632792342592168
0.8561145484447479
0.8470885630007143
0.8432134910866066
0.8293279248255271
0.8329150524404314
0.832573546745159
0.8315412207886025
0.8461488220426772
0.8513001051214006
0.8323058073167448
0.8279307764989359
0.823863457971149
0.8230165130562253
Val losses 
0.5341162463893061
0.47947390390479044
0.4882354233575904
0.5223981966143069
0.49716117071068805
0.5166257365890171
0.4964657918266628
0.5285600936931113
0.4981128210606782
0.5623190496278846
0.49484246891477834
0.5210867832536282
0.5183197832625845
0.5126735301121421
0.5402223949847014
0.5099333711292433
0.5229101696740026
0.521207957164101
0.5130041918028956
0.4897909566112187
0.486557186945625
0.47827315796976505
0.48809534622275313
0.5044444897900457
0.4804004933523095
