CONFIGURATION: 
Training time: 216 
lr: 0.001
wd: 0.001
d_model: 64
n_heads: 8
n_layers: 1
d_ff: 2048
batch_size: 32
dropout: 0.17869705139603648
margin: 0.4083685479457185
epsilon: 1e-06
Train losses 
0.49741230300494604
0.4504598505156381
0.42778767492089953
0.40247015280382975
0.36384327718189785
0.33339889415672846
0.31615042499133517
0.31101216231073653
0.28249503931828907
0.291907861488206
0.2726284550343241
0.27978838439498627
0.27003507397004534
0.2671166922364916
0.26437660617487774
Val losses 
0.2934580147266388
0.3190467059612274
0.3101530969142914
0.3056594133377075
0.2898136079311371
0.24854254722595215
0.2353620082139969
0.250577837228775
0.2482515126466751
0.24170584976673126
0.24955400824546814
0.2272457480430603
0.23381879925727844
0.2270587682723999
0.22045588493347168
