CONFIGURATION: 
Training time: 336 
lr: 0.001
wd: 0.1
d_model: 512
n_heads: 2
n_layers: 2
d_ff: 256
batch_size: 32
dropout: 0.4490033878305962
margin: 0.291088729725156
epsilon: 1e-06
Train losses 
0.5903311971255711
0.46687005111149377
0.43580272572381157
0.46061493703297207
0.4707785487174988
0.4485386611734118
0.4245797826562609
0.4193117141723633
0.4209677684307098
0.39715788551739284
0.3805698542935508
0.3681873834133148
0.36027268767356874
0.34643545525414604
0.3522773139817374
Val losses 
0.5397614240646362
0.6972765922546387
0.6127745509147644
0.6550015807151794
0.6759374141693115
0.5104764699935913
0.8509872555732727
0.7154499292373657
0.6917416453361511
0.4737304151058197
0.920582115650177
0.6090869307518005
0.5435488820075989
0.5524003505706787
0.5565273761749268
