CONFIGURATION: 
Training time: 2346 
lr: 0.0001
wd: 0.0001
d_model: 128
n_heads: 8
n_layers: 3
d_ff: 128
batch_size: 512
dropout: 0.11468381141423828
margin: 0.6830463676714915
epsilon: 0.0001
Train losses 
0.6533620595932007
0.6554403841495514
0.6567385137081146
0.6440000832080841
0.6281526744365692
0.6152144491672515
0.5950514853000641
0.5942739725112915
0.604093599319458
0.5919278621673584
0.5792134404182434
0.5953881084918976
0.5909442663192749
0.5804496645927429
0.5754395961761475
Val losses 
0.4715585708618164
0.4715709686279297
0.454362154006958
0.44839757680892944
0.4468432366847992
0.41275593638420105
0.4415298104286194
0.42843782901763916
0.43571072816848755
0.42354917526245117
0.4352460503578186
0.4212700128555298
0.4090474843978882
0.38975653052330017
0.4016767740249634
