CONFIGURATION: 
Training time: 249 
lr: 1e-06
wd: 0.001
d_model: 32
n_heads: 2
n_layers: 3
d_ff: 1024
batch_size: 32
dropout: 0.4473321082122997
margin: 0.5766897459748174
epsilon: 0.0001
Train losses 
0.8201093135561262
0.8205698903969356
0.8123335845129831
0.8074808842795236
0.8119715912001474
0.8147161192553384
0.8220561281272343
0.7877322953087943
0.802509263413293
0.804029131276267
0.7991292216096606
0.8036562235014779
0.7849744280747005
0.8088658598491124
0.7920453909465245
Val losses 
0.5208964943885803
0.5129132866859436
0.5101279020309448
0.49420616030693054
0.5068773031234741
0.5096365213394165
0.49433308839797974
0.48322609066963196
0.48580703139305115
0.48605963587760925
0.46024826169013977
0.4945203363895416
0.48102372884750366
0.477487713098526
0.5086734294891357
