CONFIGURATION: 
Training time: 336 
lr: 0.0001
wd: 0.01
d_model: 128
n_heads: 8
n_layers: 4
d_ff: 256
batch_size: 16
dropout: 0.14886154304952465
margin: 0.23283784200301852
epsilon: 0.01
Train losses 
0.4216387565646853
0.41609243767602105
0.38053713040692466
0.34154215906347546
0.30781938646520884
0.28271257379225323
0.2684417946423803
0.25844286684479034
0.2540900734492711
0.24946802513939995
0.24006270659821374
0.23785834836108344
0.2429927204336439
0.2323409163100379
0.236018294436591
Val losses 
0.23215651512145996
0.2330022156238556
0.1882806122303009
0.20118348300457
0.18080906569957733
0.14446766674518585
0.1479935348033905
0.14539672434329987
0.13802212476730347
0.1483597606420517
0.13789498805999756
0.1341715008020401
0.13437634706497192
0.1289055198431015
0.13160701096057892
