CONFIGURATION: 
Training time: 400 
lr: 2e-06
wd: 0.005
d_model: 512
n_heads: 2
n_layers: 2
d_ff: 512
batch_size: 64
dropout: 0.17203949843722988
margin: 0.5012335128918848
epsilon: 1e-05
Train losses 
0.6389669536174029
0.6497949430312233
0.6419163277779503
0.6347505474227598
0.6364924133509055
0.6481694760678829
0.6299502757088892
0.6324475263727123
0.6347112100699852
0.6107049985178585
0.6134167988409941
0.6386289493790989
0.6177581973459528
0.624204536621598
0.613140759111821
Val losses 
0.6368634700775146
0.5500526428222656
0.5897682309150696
0.6039220690727234
0.5704046487808228
0.5729778409004211
0.5567978620529175
0.5772417783737183
0.566552460193634
0.5159456729888916
0.5521023273468018
0.5967552661895752
0.548319399356842
0.553400993347168
0.5938149690628052
