CONFIGURATION: 
Training time: 410 
lr: 1e-05
wd: 0.001
d_model: 512
n_heads: 4
n_layers: 2
d_ff: 128
batch_size: 32
dropout: 0.09237276396389249
margin: 0.988952878110133
epsilon: 1e-06
Train losses 
0.8396083697250911
0.814682435308184
0.81901401417596
0.7841865585531507
0.7881781779016768
0.7502138303007398
0.6806953719684056
0.6538171594483512
0.6685408168179648
0.6207883155345917
0.6255314522130149
0.6226166088240487
0.6079672741889953
0.6303040417603084
0.6054156822817666
Val losses 
0.7241554260253906
0.717903733253479
0.6713136434555054
0.6499011516571045
0.603962779045105
0.6224160194396973
0.5892703533172607
0.5705934762954712
0.6012582182884216
0.5407901406288147
0.5411717891693115
0.532304584980011
0.5612960457801819
0.5062697529792786
0.4890861213207245
