CONFIGURATION: 
Training time: 157 
lr: 2e-06
wd: 0.1
d_model: 64
n_heads: 8
n_layers: 1
d_ff: 1024
batch_size: 128
dropout: 0.10905372196988589
margin: 0.34765234020376723
epsilon: 0.01
Train losses 
0.4774873208167941
0.5016582358715146
0.5015296062757802
0.5189705601958341
0.5032977780630422
0.5016854460849318
0.48841535975766737
0.49835652667422625
0.5009630003640818
0.4853327842645867
0.48937103152275085
0.49892653212990873
0.5077763220598531
0.49545906726704086
0.49735375268514764
Val losses 
0.3128286898136139
0.30023565888404846
0.2977111339569092
0.31732499599456787
0.32076898217201233
0.3272983431816101
0.31501245498657227
0.289693683385849
0.3163949251174927
0.32295262813568115
0.2962372601032257
0.3083624243736267
0.2981085479259491
0.3001120090484619
0.31918254494667053
