CONFIGURATION: 
Training time: 164 
lr: 2e-06
wd: 0.01
d_model: 16
n_heads: 2
n_layers: 3
d_ff: 1024
batch_size: 32
dropout: 0.06989375629021466
margin: 0.7376886761157024
epsilon: 1e-06
Train losses 
0.7105659544467926
0.7194616087845394
0.7071161498342241
0.709250671352659
0.7142725936004094
0.6996648185593741
0.7139673023564475
0.6846329627718244
0.6866766912596566
0.689927739586149
0.7036604065554483
0.6954391947814397
0.6821522385733468
0.6772080256257739
0.6938986262253353
Val losses 
0.547818124294281
0.6103301644325256
0.5977997779846191
0.5611572861671448
0.5722138285636902
0.5705707669258118
0.5895542502403259
0.5847930908203125
0.5609105229377747
0.5775245428085327
0.5833702683448792
0.5663315653800964
0.5643875598907471
0.5788158774375916
0.5923576951026917
