CONFIGURATION: 
Training time: 366 
lr: 1e-05
wd: 0.05
d_model: 32
n_heads: 8
n_layers: 3
d_ff: 512
batch_size: 16
dropout: 0.018955591841049668
margin: 0.7090267019588694
epsilon: 0.001
Train losses 
0.5758758805053574
0.578573326766491
0.5624873592598097
0.544569082898753
0.5614321573291506
0.5303417975987706
0.5375099361794335
0.5221463891438075
0.5195880249568394
0.5166194550480161
0.5143772632735116
0.5147860944271088
0.5190530653085027
0.5161394255076136
0.5093241772055626
Val losses 
0.5160423517227173
0.5046380758285522
0.5250452756881714
0.5050181746482849
0.5268962383270264
0.4882184565067291
0.4699072241783142
0.4813591241836548
0.4752810299396515
0.4742594361305237
0.471077024936676
0.45163190364837646
0.5007583498954773
0.48477455973625183
0.4589698612689972
