CONFIGURATION: 
Training time: 390 
lr: 2e-06
wd: 0.0001
d_model: 256
n_heads: 2
n_layers: 4
d_ff: 1024
batch_size: 16
dropout: 0.35148973039431564
margin: 0.8021141261650454
epsilon: 1e-05
Train losses 
0.9171342926365988
0.8975795912742615
0.8898276763302939
0.9016617710249765
0.8978494536876679
0.8871348716531481
0.8958863636425564
0.8842000045095171
0.8790438227994102
0.9005643565314156
0.8762984762872968
0.8788603755405971
0.8906168324606759
0.8761518514156341
0.8674003103801182
Val losses 
0.6600469946861267
0.6246055960655212
0.6314911246299744
0.6554096937179565
0.6344406604766846
0.651084840297699
0.6291196346282959
0.6146198511123657
0.6454308032989502
0.6568306684494019
0.6472204327583313
0.65888512134552
0.6165725588798523
0.6370099782943726
0.6474297642707825
