CONFIGURATION: 
Training time: 175 
lr: 0.0001
wd: 0.001
d_model: 64
n_heads: 4
n_layers: 4
d_ff: 256
batch_size: 64
dropout: 0.15933042139479237
margin: 0.47008663586997634
epsilon: 1e-08
Train losses 
0.5834206633869259
0.5615650305802795
0.5033998842211975
0.46751602319465285
0.4257487277875001
0.3830866316954295
0.3662417155915293
0.3480130619016187
0.3270209825586999
0.3198076094361557
0.3253530969564942
0.3167196245029055
0.3221022284579003
0.3140122251606536
0.3021228753629772
Val losses 
0.3474377989768982
0.32679277658462524
0.29445862770080566
0.27809056639671326
0.27151909470558167
0.2649001479148865
0.2935722768306732
0.2919999659061432
0.29940927028656006
0.2817055284976959
0.2835736870765686
0.27397939562797546
0.26366105675697327
0.2724357545375824
0.2590440809726715
