CONFIGURATION: 
Training time: 183 
lr: 1e-06
wd: 0.05
d_model: 16
n_heads: 16
n_layers: 1
d_ff: 2048
batch_size: 256
dropout: 0.17351274147918355
margin: 0.6816218745726391
epsilon: 1e-07
Train losses 
0.7227962130591983
0.729463415486472
0.716322470278967
0.7223318701698667
0.7452030919847035
0.7451731988361904
0.7522537254151844
0.7327848161969867
0.7202301167306446
0.7413411197208223
0.7185173829396566
0.726937126545679
0.7336459216617403
0.7307581617718651
0.7331779797871908
Val losses 
0.5060639977455139
0.5059791207313538
0.5252667665481567
0.4930068254470825
0.5116823315620422
0.5227543711662292
0.5182194113731384
0.49979668855667114
0.5233335494995117
0.5128716230392456
0.5286189913749695
0.5377897620201111
0.5109842419624329
0.514355480670929
0.5261248350143433
