CONFIGURATION: 
Training time: 196 
lr: 0.0001
wd: 0.001
d_model: 32
n_heads: 8
n_layers: 1
d_ff: 2048
batch_size: 64
dropout: 0.4380742900968138
margin: 0.5293391636911364
epsilon: 0.01
Train losses 
0.7703100213374214
0.7619095653638073
0.7237979714897858
0.6818850180883517
0.662467555753116
0.6688671064102787
0.6595088633997687
0.6507747108223795
0.6393598112566717
0.636589814876688
0.6309312534058231
0.6488570629180163
0.6434748563273199
0.6207183174703313
0.6309821331638029
Val losses 
0.4244048595428467
0.43117064237594604
0.4021598696708679
0.4132787585258484
0.3975672125816345
0.3905363380908966
0.39899277687072754
0.37872788310050964
0.37647753953933716
0.38656964898109436
0.39417949318885803
0.38398003578186035
0.39923322200775146
0.38089826703071594
0.39396363496780396
