CONFIGURATION: 
Training time: 182 
lr: 0.002
wd: 0.1
d_model: 256
n_heads: 2
n_layers: 4
d_ff: 512
batch_size: 128
dropout: 0.009438924505934199
margin: 0.8470621924917745
epsilon: 0.0001
Train losses 
0.35446960946848227
0.2757616445075634
0.2701011532267859
0.2994555463624555
0.283746495496395
0.28700186485467954
0.23793598870898403
0.22540794832761898
0.20544459861378336
0.18974488886982896
0.1662094405917234
0.14551548451878304
0.13442089460616888
0.10728407062070314
0.0940542756471523
Val losses 
0.2401602417230606
0.25974780321121216
0.2540428638458252
0.2934293746948242
0.2631879448890686
0.250568151473999
0.21127331256866455
0.2214948832988739
0.1973743587732315
0.20209310948848724
0.14365899562835693
0.13623453676700592
0.10828299820423126
0.0980779305100441
0.10629691928625107
