CONFIGURATION: 
Training time: 127 
lr: 0.002
wd: 0.0001
d_model: 256
n_heads: 16
n_layers: 2
d_ff: 256
batch_size: 512
dropout: 0.25357993270521445
margin: 0.9477842440551304
epsilon: 0.01
Train losses 
0.8355430841445923
0.8213098168373107
0.7438604772090912
0.6703287601470947
0.6024481892585755
0.5179675161838532
0.5308063685894012
0.5277083843946457
0.4939787268638611
0.4870004326105118
0.48052099347114563
0.4705379992723465
0.4634272664785385
0.4698172688484192
0.46433897614479064
Val losses 
0.41882506012916565
0.44387587904930115
0.44912001490592957
0.4674537181854248
0.4655567407608032
0.5008683204650879
0.5060440301895142
0.4835614562034607
0.5015445351600647
0.479047954082489
0.42343634366989136
0.41926273703575134
0.4060157537460327
0.4467242658138275
0.44271188974380493
