CONFIGURATION: 
Training time: 125 
lr: 2e-06
wd: 0.01
d_model: 64
n_heads: 8
n_layers: 2
d_ff: 128
batch_size: 512
dropout: 0.21508016848947314
margin: 0.5381457676669342
epsilon: 1e-06
Train losses 
0.6159687459468841
0.5910437762737274
0.6199693977832794
0.6189538240432739
0.5984529078006744
0.5944303154945374
0.5995601296424866
0.606758588552475
0.5978036820888519
0.6045362770557403
0.601337867975235
0.6094168305397034
0.6154501557350158
0.6033475339412689
0.6117840588092804
Val losses 
0.26377469301223755
0.29293280839920044
0.2869589030742645
0.29467299580574036
0.28353607654571533
0.27192169427871704
0.29479750990867615
0.3087592124938965
0.2791867256164551
0.2722926139831543
0.30358392000198364
0.27258461713790894
0.28077632188796997
0.28543269634246826
0.28066128492355347
