CONFIGURATION: 
Training time: 216 
lr: 2e-05
wd: 0.0001
d_model: 256
n_heads: 8
n_layers: 4
d_ff: 1024
batch_size: 32
dropout: 0.4968401580937347
margin: 0.7073904369448304
epsilon: 1e-08
Train losses 
0.7918120355265481
0.8033757819448198
0.7859708680425371
0.7499249802316938
0.717733302627291
0.7257793588297707
0.6782199604170663
0.6484724991662162
0.613709865467889
0.6218375878674643
0.6091011783054897
0.5945890808105468
0.5769552050318036
0.579423064334052
0.5671938834871565
Val losses 
0.37512093782424927
0.3822317123413086
0.3958463668823242
0.4044334590435028
0.37072309851646423
0.43461111187934875
0.45659178495407104
0.5223275423049927
0.5212165117263794
0.5268354415893555
0.5393663644790649
0.5423301458358765
0.5731111764907837
0.659782886505127
0.5626378059387207
