CONFIGURATION: 
Training time: 196 
lr: 0.001
wd: 0.0005
d_model: 256
n_heads: 8
n_layers: 3
d_ff: 2048
batch_size: 32
dropout: 0.4393297982541885
margin: 0.796851846632554
epsilon: 1e-07
Train losses 
0.7706927561759949
0.6118874093464443
0.5646739755358015
0.5673673430510929
0.5601649345670427
0.5501874050072261
0.5243055728503636
0.5382350392001016
0.5051091980934143
0.4867737364768982
0.47821968129702974
0.44550118821007867
0.45537022352218626
0.4376287068639483
0.4631483840942383
Val losses 
0.5952444076538086
0.6938273906707764
0.6328271627426147
0.8011714816093445
0.7955354452133179
0.6279329061508179
0.7070508599281311
0.6705210208892822
0.8461785912513733
0.6852903962135315
0.7176735401153564
0.6174101829528809
0.5778326988220215
0.5787035226821899
0.5925884246826172
