CONFIGURATION: 
Training time: 141 
lr: 0.0001
wd: 0.0001
d_model: 256
n_heads: 2
n_layers: 2
d_ff: 1024
batch_size: 128
dropout: 0.38522595036358764
margin: 0.6431485619798775
epsilon: 1e-08
Train losses 
0.8024555611055951
0.7606720924377441
0.733510107495064
0.656347569338111
0.5564954204614773
0.511847606232
0.4726873629314955
0.4723294384257738
0.458621998165929
0.4402621575566225
0.40865838111833086
0.4256156974060591
0.41270644235056503
0.4082211526327355
0.4126749163450197
Val losses 
0.5215998888015747
0.45232245326042175
0.39938491582870483
0.4516064524650574
0.6394508481025696
0.6619305610656738
0.6441227197647095
0.6232966184616089
0.5293896198272705
0.4842313230037689
0.5160019993782043
0.47317418456077576
0.5130937695503235
0.47584280371665955
0.47134244441986084
