CONFIGURATION: 
Training time: 344 
lr: 0.002
wd: 0.0001
d_model: 64
n_heads: 2
n_layers: 3
d_ff: 2048
batch_size: 16
dropout: 0.1362260916954492
margin: 0.8341630673524999
epsilon: 0.0001
Train losses 
0.5113039384569441
0.4759888237714767
0.5188264213289533
0.5702397382259369
0.5113489263398306
0.5028605418120111
0.47740908324718473
0.44025566492761886
0.42381782361439296
0.387661426620824
0.36643414041825706
0.3874024452481951
0.3413978423816817
0.36876305150134225
0.3454883973087583
Val losses 
0.3592033088207245
0.41404852271080017
0.42957445979118347
0.6108559370040894
0.5531362295150757
0.4572697877883911
0.46201685070991516
0.43671226501464844
0.3829626142978668
0.3621574342250824
0.3583935797214508
0.33052900433540344
0.30807045102119446
0.31618544459342957
0.30671507120132446
