CONFIGURATION: 
Training time: 147 
lr: 0.0001
wd: 0.0005
d_model: 32
n_heads: 8
n_layers: 2
d_ff: 512
batch_size: 512
dropout: 0.21070206541597075
margin: 0.8219151264847118
epsilon: 1e-05
Train losses 
0.8822410345077515
0.8652629256248474
0.8621427834033966
0.8337259888648987
0.8266392648220062
0.8040197432041168
0.814938360452652
0.7883517920970917
0.7676048934459686
0.7883937299251557
0.7747043907642365
0.773485666513443
0.7645058691501617
0.7651573300361634
0.7704728007316589
Val losses 
0.448740154504776
0.4619225859642029
0.44817104935646057
0.4854249358177185
0.4589875340461731
0.45498037338256836
0.46407008171081543
0.4525841474533081
0.4434056580066681
0.46575960516929626
0.4436620771884918
0.42722514271736145
0.43473127484321594
0.45062825083732605
0.4316106140613556
