CONFIGURATION: 
Training time: 242 
lr: 0.0002
wd: 0.0005
d_model: 32
n_heads: 16
n_layers: 4
d_ff: 128
batch_size: 32
dropout: 0.11191986433438572
margin: 0.8988023600174443
epsilon: 0.0001
Train losses 
0.700498594386237
0.6589009651115962
0.5347026557581765
0.49579535799367086
0.45631996495383126
0.4302562530551638
0.39665213976587566
0.3972367376089096
0.3804190051129886
0.3942588856816292
0.37936119624546594
0.3644590754168374
0.35587180908237187
0.36751869576317925
0.3479659266131265
Val losses 
0.4589749574661255
0.44851747155189514
0.4239370822906494
0.41887640953063965
0.3518710434436798
0.3561321794986725
0.361858069896698
0.34829118847846985
0.3373165726661682
0.30687275528907776
0.3021135628223419
0.3214341700077057
0.3285892903804779
0.30178171396255493
0.31400319933891296
