CONFIGURATION: 
Training time: 146 
lr: 0.002
wd: 0.005
d_model: 128
n_heads: 4
n_layers: 1
d_ff: 1024
batch_size: 64
dropout: 0.28363089955989645
margin: 0.2505403412349454
epsilon: 0.01
Train losses 
0.45419864990245334
0.3697867861081814
0.33042449735361956
0.295774167981641
0.2751323000110429
0.27093147186712285
0.25005325949055024
0.2494180348926577
0.24000368601289288
0.22773808617701477
0.22493167255801716
0.2226758494801905
0.21942945766723018
0.22062828828548564
0.22076210884869785
Val losses 
0.21758206188678741
0.2626379430294037
0.25226378440856934
0.26422953605651855
0.24403032660484314
0.24707287549972534
0.23684237897396088
0.22315432131290436
0.2261752188205719
0.23025363683700562
0.20004625618457794
0.21538004279136658
0.227392315864563
0.21039581298828125
0.20479580760002136
