CONFIGURATION: 
Training time: 174 
lr: 0.001
wd: 0.0005
d_model: 128
n_heads: 8
n_layers: 4
d_ff: 128
batch_size: 32
dropout: 0.13044757965657483
margin: 0.7295125606056299
epsilon: 1e-08
Train losses 
0.45314378534044536
0.2993517014810017
0.2619356948988778
0.24722436138561793
0.2199298690046583
0.19863191672733851
0.19524255199091775
0.16788248079163687
0.16775711476802826
0.14646802668060574
0.1411984417268208
0.13113749963896615
0.1218588359441076
0.111867921096938
0.10545903333595821
Val losses 
0.32989031076431274
0.25480297207832336
0.25270381569862366
0.210285484790802
0.20891304314136505
0.19006207585334778
0.1465623676776886
0.1651262491941452
0.14004313945770264
0.125404492020607
0.10718607902526855
0.10036107897758484
0.09156286716461182
0.08031582832336426
0.07465729862451553
