CONFIGURATION: 
Training time: 467 
lr: 0.0001
wd: 0.005
d_model: 128
n_heads: 2
n_layers: 3
d_ff: 2048
batch_size: 256
dropout: 0.14306867916770954
margin: 0.18427463298822258
epsilon: 0.0001
Train losses 
0.3751031912508465
0.30687895062423887
0.21617828877199263
0.17631490173793973
0.15632739379292443
0.14413265742006756
0.14137459156059085
0.12623390377986998
0.12608679987135388
0.123146595344657
0.125739971441882
0.12607256394057048
0.11920575336331413
0.12382812194880985
0.12323351594663802
Val losses 
0.3498174548149109
0.21336914598941803
0.15935873985290527
0.12793032824993134
0.14714495837688446
0.13006576895713806
0.1244339644908905
0.14447741210460663
0.11994147300720215
0.13126832246780396
0.12183036655187607
0.1174284964799881
0.11946847289800644
0.12490294128656387
0.11930479109287262
