CONFIGURATION: 
Training time: 198 
lr: 1e-06
wd: 0.005
d_model: 64
n_heads: 4
n_layers: 2
d_ff: 1024
batch_size: 64
dropout: 0.4483723468671066
margin: 0.5415388914174672
epsilon: 1e-08
Train losses 
0.7365841002299868
0.7446169044779635
0.758263271430443
0.7515317818214153
0.7311908116285828
0.7301658073375965
0.7424297716425753
0.7376964123084627
0.7390374294642744
0.7290212755230652
0.7435763766025675
0.7209156881803753
0.7605584150758283
0.7211661972533697
0.7455684176121635
Val losses 
0.33621689677238464
0.35169464349746704
0.35563477873802185
0.3380517065525055
0.31796157360076904
0.33175572752952576
0.29816704988479614
0.34606727957725525
0.3468862473964691
0.31017670035362244
0.29525500535964966
0.31355172395706177
0.32664167881011963
0.3597702085971832
0.3070056736469269
