CONFIGURATION: 
Training time: 1149 
lr: 2e-05
wd: 0.001
d_model: 512
n_heads: 16
n_layers: 4
d_ff: 128
batch_size: 16
dropout: 0.19398231970940444
margin: 0.3761031770701753
epsilon: 1e-07
Train losses 
0.3855236686979021
0.3688509666919708
0.32433763997895376
0.28409310272761756
0.27115780098097664
0.23845223154340472
0.22226257630756924
0.21115246159689768
0.21590365954807827
0.20489982792309352
0.19666394012314933
0.19074376140322005
0.19992331521851675
0.1902758400780814
0.17900490726743426
Val losses 
0.29508596658706665
0.3551543354988098
0.29755106568336487
0.2742004692554474
0.2757464349269867
0.2768166959285736
0.22072528302669525
0.24738150835037231
0.20794260501861572
0.19314102828502655
0.19731682538986206
0.20078575611114502
0.18752382695674896
0.189816415309906
0.21042178571224213
