CONFIGURATION: 
Training time: 332 
lr: 0.002
wd: 0.0001
d_model: 256
n_heads: 8
n_layers: 2
d_ff: 256
batch_size: 16
dropout: 0.4210204273123426
margin: 0.7863614776526818
epsilon: 0.01
Train losses 
0.8399149865763528
0.6496749203545706
0.5563107371330261
0.5140898180007935
0.45576036504336764
0.44082496217318945
0.4029091158935002
0.3890135850225176
0.36612290893282207
0.3472207054070064
0.3486328145435878
0.3242910661016192
0.3331625282764435
0.33879044805254255
0.34241201877593996
Val losses 
0.4945428669452667
0.6434413194656372
0.6728463172912598
0.5559400916099548
0.47117552161216736
0.47009384632110596
0.4671916961669922
0.46530359983444214
0.43076568841934204
0.4050821363925934
0.4553954005241394
0.4730384349822998
0.422299325466156
0.43465179204940796
0.4225740134716034
