CONFIGURATION: 
Training time: 423 
lr: 1e-05
wd: 0.0005
d_model: 128
n_heads: 16
n_layers: 2
d_ff: 256
batch_size: 128
dropout: 0.2540383312249729
margin: 0.7031012716561655
epsilon: 1e-08
Train losses 
0.7477565948353257
0.7401035206262455
0.735373456810796
0.7514004859813425
0.7287794781285662
0.7387860722320024
0.723320793273837
0.7147147891133331
0.7244926649470662
0.7278384261353071
0.7113723990529083
0.7126540070356324
0.7144755346830501
0.7143744951070741
0.7109483577484308
Val losses 
0.33026862144470215
0.32657015323638916
0.34316763281822205
0.3234306871891022
0.3344709575176239
0.3224199712276459
0.3336666524410248
0.33897730708122253
0.3257650136947632
0.31562939286231995
0.3290333151817322
0.3262059688568115
0.3375314772129059
0.3380364179611206
0.3005661070346832
