CONFIGURATION: 
Training time: 325 
lr: 0.002
wd: 0.0001
d_model: 16
n_heads: 16
n_layers: 2
d_ff: 256
batch_size: 128
dropout: 0.4514304806191088
margin: 0.714842505367059
epsilon: 0.0001
Train losses 
0.8458396113196085
0.7817178354706875
0.7593976716662563
0.7359592443288758
0.6946055667344914
0.6570573975873548
0.6005252558131551
0.5519526566183844
0.5405000940311787
0.5356106751186903
0.5013722035773965
0.4991286805895872
0.4796277374722237
0.4959578534891439
0.4966283634651539
Val losses 
0.45739659667015076
0.45003756880760193
0.4357694387435913
0.4363064169883728
0.4353126585483551
0.38085052371025085
0.4447295069694519
0.4147619903087616
0.3925786018371582
0.4050588607788086
0.3855574131011963
0.4039389491081238
0.3954234719276428
0.40816763043403625
0.38434213399887085
