CONFIGURATION: 
Training time: 3315 
lr: 1e-05
wd: 0.0005
d_model: 256
n_heads: 8
n_layers: 3
d_ff: 512
batch_size: 128
dropout: 0.06491936010561478
margin: 0.671416656250007
epsilon: 1e-07
Train losses 
0.4249508152174395
0.4336658244909242
0.44145181012708085
0.4222030958463979
0.39531103816143304
0.3849296465862629
0.37722352562948713
0.35913505318552946
0.38095051604647967
0.35075405309366625
0.353030965771786
0.35223429390164307
0.34801647274993186
0.34767660360003627
0.35475054175354714
Val losses 
0.3690723776817322
0.39680618047714233
0.3445470631122589
0.34794434905052185
0.3289363980293274
0.3269406855106354
0.29266834259033203
0.3060188293457031
0.3225618898868561
0.2914647161960602
0.28488215804100037
0.28929492831230164
0.293312132358551
0.3137204945087433
0.3219681680202484
