CONFIGURATION: 
Training time: 174 
lr: 2e-05
wd: 0.0001
d_model: 128
n_heads: 2
n_layers: 1
d_ff: 1024
batch_size: 64
dropout: 0.31348225810739283
margin: 0.8000453163914616
epsilon: 0.001
Train losses 
0.8525828746543533
0.8557351265830555
0.8615530551164999
0.8419361710548401
0.8380200691606806
0.8248397413341478
0.7978406671820015
0.7979976158032472
0.814738919680146
0.8017595554220265
0.7785079588835266
0.803605644867338
0.7787322497915947
0.7692508488550953
0.8032520810763041
Val losses 
0.6616290211677551
0.6439971923828125
0.6450598835945129
0.629209578037262
0.6050049066543579
0.6070724725723267
0.6542039513587952
0.5946966409683228
0.6360805630683899
0.6352526545524597
0.5901000499725342
0.5987908840179443
0.6543540954589844
0.6020343899726868
0.607190728187561
