CONFIGURATION: 
Training time: 267 
lr: 0.001
wd: 0.0001
d_model: 16
n_heads: 8
n_layers: 2
d_ff: 2048
batch_size: 32
dropout: 0.4758278562450993
margin: 0.3329427968667173
epsilon: 1e-05
Train losses 
0.5081016305514744
0.4713715364251818
0.47536588634763444
0.48007000276020595
0.44986882405621664
0.4375702522482191
0.42086914539337156
0.4032421118021011
0.3852609278474535
0.3855893930367061
0.3667926424741745
0.3735268606458391
0.36120673332895553
0.3652171393803188
0.366273033789226
Val losses 
0.20444847643375397
0.2658762037754059
0.2855016589164734
0.3065018951892853
0.3084883987903595
0.3089863657951355
0.31015944480895996
0.3093884289264679
0.3114016354084015
0.31462135910987854
0.31498458981513977
0.314134418964386
0.31445786356925964
0.3136806786060333
0.31596216559410095
