CONFIGURATION: 
Training time: 199 
lr: 1e-06
wd: 0.001
d_model: 32
n_heads: 4
n_layers: 2
d_ff: 128
batch_size: 16
dropout: 0.06844740077000422
margin: 0.6491799729182806
epsilon: 1e-07
Train losses 
0.5520784971969468
0.5499833941459655
0.5288079623239381
0.5437753219689642
0.558990222471101
0.5421279019117355
0.5332454162410327
0.5455704623035023
0.541547036426408
0.5424754825660161
0.53673693805933
0.5360138407349586
0.5319185054302216
0.5272734411273684
0.532420445552894
Val losses 
0.3631666898727417
0.41838181018829346
0.4178719222545624
0.398510217666626
0.40498411655426025
0.40462568402290344
0.40593430399894714
0.40664708614349365
0.4337438642978668
0.40417033433914185
0.41023221611976624
0.393846720457077
0.39239588379859924
0.394523948431015
0.4225112795829773
