CONFIGURATION: 
Learning rate: 0.00E+00 
margin: 0.92 
batch_size: 128 
number of layers: 1 
Train losses 
0.43487731107959043
0.43095960252814824
0.42428294795530813
0.4274104321444476
0.40959089475649374
0.41602669656276703
0.4034270387004923
0.38997787568304276
0.3952388675124557
0.40465196227585826
0.39310738024888214
0.39679688855453776
0.40259273604110435
0.3775142189529207
0.3840125521024068
0.3813038925329844
0.3800438164560883
0.3948577267152292
0.3904116815990872
0.3804437896719685
0.3792365231999644
0.3787726178213402
0.3739649774851622
0.36881867856891065
0.3855423416252489
0.5158991309227767
0.48685026985627633
0.4507211838607435
0.4147808272529531
0.3566474441024992
0.3271544778788531
0.30516462248784526
0.2821688505234542
0.25517397191789415
0.24293199446466235
0.2209977681990023
0.2151049945089552
0.21066485234984644
0.19045164463696657
0.18576051968115348
0.1839979682807569
0.18291765903985058
0.1738495268203594
0.16733315763650117
0.17012784900488676
0.1738462198663641
0.16344108934755677
0.1618244641356998
0.1624626006241198
0.16503308525791874
0.7836461351977454
0.7860877460903591
0.747736617481267
0.7233473504031146
0.7147124697764714
0.7008420021445663
0.6926499089709035
0.6716665022903019
0.6643270475996865
0.6505801899565591
0.6535906698968675
0.6285206961411017
0.6190919084681406
0.3436348216401206
0.3098849140935474
0.2661963832599145
0.21691439659507186
0.18913114766279857
0.16154993330990827
0.15129531307352914
0.13658389686434358
0.12566690505654723
0.1290735325327626
0.12413876608566002
0.11627873480319977
0.11047477683535328
0.1005070576513255
0.09531455150356999
0.09637873603238
0.09471371267680768
0.09081935258927169
0.08351986860787428
0.08395356662847378
0.08834669843867973
0.0834767708071956
0.08569748429236589
0.08081204725636376
0.07935603465195055
0.7054745234824993
0.6876081935785435
0.6319996539089415
0.5893618713926386
0.5303740561008453
0.4702755723838453
0.4352906462219026
0.4037944080653014
0.39236537295359153
0.35356878748646486
0.3450457000070148
0.3290526693617856
0.3195852099745362
0.29526624502959076
0.29338884397789283
0.2856403355245237
0.27500819442448793
0.2784406447852099
0.27468064383224206
0.27107091203883843
0.2577139205402798
0.26409796917880024
0.24538956152068245
0.3160342798749013
0.21213955999310338
0.15564081261851895
0.12488549908817705
0.11111252443559134
0.08857411502012566
0.08205793347598901
0.07669752096729492
0.065112847112008
0.05871919876159127
0.057810439714300096
0.049799854519651895
0.04418930394658402
0.045530459106858094
0.043327263820527206
0.0368732117227654
0.03704269135843462
0.03373408067359853
0.034867699410933164
0.03276092775944454
0.031322628259658813
0.029297051867887156
0.028411345917787125
0.02860314165478322
0.028197627403398057
0.5916582094298468
0.6033219778979266
0.5934881585615652
0.5973026169670953
0.5824988967842526
0.5936531729168362
0.5832757086665542
0.5908118718200259
0.5643601874510448
0.5683090214376096
0.5820434742503696
0.5862047888614513
0.5741596696553407
0.5753182318475512
0.5827801863352458
0.5583255233588043
0.5612716683635005
0.5684603909651439
0.560997293834333
0.5677946631555204
0.5729015471758666
0.5633119719999807
0.562130351419802
0.5530892780533543
0.5532212886545393
0.31176771968603134
0.302922748029232
0.2790822423994541
0.22608519345521927
0.19163980893790722
0.1784898042678833
0.16116395592689514
0.15380661562085152
0.14268158376216888
0.1338229663670063
0.12790297344326973
0.11861916072666645
0.11851906776428223
0.11406694445759058
0.11393826827406883
0.11199105251580477
0.10559679288417101
0.10307732690125704
0.10019055940210819
0.09724466037005186
0.10116834379732609
0.09973054472357035
0.10113988816738129
0.0952145392075181
0.09779241308569908
0.6352961018129631
0.5669223070144653
0.5406793689286268
0.5550734774933921
0.5078733023669985
0.45342669994742785
0.3981484937447089
0.39473820251447184
0.37754713462458717
0.35854970459584834
0.34907720420095656
0.33200052932456686
0.32511047301469026
0.34394007060262893
0.30612570257098587
0.29285864531993866
0.2757693922078168
0.7934709414839745
0.7888893187046051
0.7908765189349651
0.7762018330395222
0.7905593886971474
0.7850457690656185
0.7791095264256
0.787650290876627
0.7851678729057312
0.788958266377449
0.7748752273619175
0.775271050632
0.7750793844461441
0.7742527797818184
0.7777690887451172
0.7682479247450829
0.7630013599991798
0.7655194997787476
0.7865296229720116
0.7810829617083073
0.7598946020007133
0.7819309532642365
0.7534924894571304
0.7913710698485374
0.7776537910103798
0.24602955436265028
0.135459801113164
0.09969820490589848
0.08906707537394982
0.07675890928065335
0.0680023396456683
0.06146196005520997
0.054987054290594875
0.05107028362927613
0.04629656865640923
0.03954894459909863
0.036930462938767894
0.035383900503317516
0.03431407196654214
0.032843097382121614
0.03041419287522634
0.02584514915943146
0.026161812466603738
0.02405015500607314
0.02327619332958151
0.02279276803687767
0.02097478801453555
0.021657855919113865
0.019197292184388197
0.020034716416288307
0.783098745701918
0.7600570054196599
0.7618851723955639
0.7548692119655325
0.7519068691267896
0.7303633334031746
0.7317029033134232
0.7300622383160378
0.7158684463643316
0.7098995055725326
0.7144434389783375
0.7058108315539005
0.7020126874767133
0.6896808378732027
0.6972135812488954
0.693055991806201
0.6907406262497404
0.681732573615971
0.6924465280860218
0.6930597566846591
0.6834335665204632
0.6798913287582682
0.6710664256295161
0.6785236276797394
0.6774509842716047
Val losses 
0.6915384062698909
0.701400854757854
0.6951088522161756
0.6897514717919486
0.7089654292379107
0.6928729116916656
0.7211575933865139
0.6725554934569767
0.6987560221127102
0.7029911066804614
0.6746343799999782
0.6657700538635254
0.6864473606858935
0.6981220543384552
0.6446662630353656
0.6731312317507607
0.622602790594101
0.6613391297204154
0.6288761411394391
0.6460766920021602
0.6695787949221474
0.6592698224953243
0.6417558746678489
0.6452597635132926
0.6729797167437417
