CONFIGURATION: 
Learning rate: 0.00E+00 
margin: 0.83 
batch_size: 1024 
number of layers: 2 
Train losses 
0.6560974445805621
0.5604091580234357
0.5162836104186613
0.5397983144468336
0.5134366692891762
0.5007936340659412
0.4623487275927814
0.4582050976468556
0.44831443856011577
0.42976757928506654
0.4153465023681299
0.40110764129837945
0.36867166988885225
0.34707513896387016
0.3391106909335549
0.3332027276950096
0.3248670087821448
0.32439206740749416
0.30923214132216437
0.2908492135023003
0.28776911256918264
0.28499329890777814
0.2824911724275617
0.27805542945861816
0.2728384441849011
0.6166716003859485
0.6181993908352322
0.6150901563741543
0.6225860257943471
0.6118744820356369
0.599611950914065
0.5964694879673146
0.6142686588896645
0.6229566762844722
0.5918429164974778
0.5935037534545969
0.5880218547803384
0.6032503099353225
0.5830843145096744
0.585226571559906
0.583820789831656
0.5893806211374424
0.2841048687696457
0.2757000423139996
0.3333986985462683
0.44338882918711064
0.49696483501681576
0.5444508751233419
0.5158270257490652
0.5241453742539441
0.514414518630063
0.50906857141742
0.5067411096007736
0.5054187931396343
0.4998836241386555
0.4991898512398755
0.490707426821744
0.4939555397740117
0.4952064127833755
0.49551369349161783
0.49045156902737086
0.491036550866233
0.6652801483869553
0.6721246466040611
0.6672620624303818
0.654623493552208
0.6457553505897522
0.6603094786405563
0.6560669243335724
0.6429185420274734
0.6388573795557022
0.6279082223773003
0.6488242149353027
0.6279678046703339
0.6312614008784294
0.6411639302968979
0.620943546295166
0.6312003210186958
0.6202041432261467
0.622772328555584
0.6185212284326553
0.6215010359883308
0.6148229688405991
0.6158554926514626
0.6114488616585732
0.6227817237377167
0.6153039857745171
Val losses 
0.670900821685791
0.6385849118232727
0.6834391355514526
0.6370560526847839
0.6621213555335999
0.6677862405776978
0.6661930084228516
0.6009883284568787
0.6098170280456543
0.6758221387863159
0.6156988143920898
0.6179007291793823
0.6745419502258301
0.6585475206375122
0.6326926946640015
0.6141069531440735
0.6206074953079224
0.6174696087837219
0.6276301145553589
0.674702525138855
0.6146838665008545
0.6720085144042969
0.6279267072677612
0.6060937643051147
0.6324977874755859
