CONFIGURATION: 
lr: 1e-06
wd: 0.1
d_model: 16
n_heads: 2
n_layers: 2
d_ff: 1024
batch_size: 64
dropout: 0.5664687059145485
margin: 0.6574504978794764
epsilon: 0.001
Train losses 
0.845337423130318
0.8643095007649174
0.8408979879485237
0.8463032263296622
0.8555649174584283
0.8633642638171161
0.8588238168645788
0.8546384047578882
0.8597335448971501
0.8371382435162862
0.8559515440905535
0.8510107155199405
0.8505312645876849
0.8553725083669027
0.8416172204194245
0.844655853289145
0.845196517308553
0.8426961750895888
Val losses 
0.5396921357938221
0.5105257672922952
0.5303714488233838
0.5241823121905327
0.5286914323057447
0.5414906293153763
0.5289759774293218
0.5022634991577694
0.5283311445798192
0.5236815171582359
0.5125580132007599
0.5269799711448806
0.5229121787207467
0.5352967402764729
0.518041159425463
0.5253679645912988
0.5282286352344921
0.5432797351053783
