CONFIGURATION: 
Learning rate: 0.00E+00 
margin: 0.39 
batch_size: 16 
number of layers: 1 
Train losses 
0.43487731107959043
0.43095960252814824
0.42428294795530813
0.4274104321444476
0.40959089475649374
0.41602669656276703
0.4034270387004923
0.38997787568304276
0.3952388675124557
0.40465196227585826
0.39310738024888214
0.39679688855453776
0.40259273604110435
0.3775142189529207
0.3840125521024068
0.3813038925329844
0.3800438164560883
0.3948577267152292
0.3904116815990872
0.3804437896719685
0.3792365231999644
0.3787726178213402
0.3739649774851622
0.36881867856891065
0.3855423416252489
Val losses 
0.7772023620812789
0.7723740981972735
0.7528764636620231
0.7636021702185921
0.7580403141353441
0.7509016918099445
0.754263420726942
0.7265872893126114
0.7373749157656794
0.7396480259688004
0.7106071663939435
0.7267642777899037
0.742985739396966
0.7167364410732103
0.7294718778651693
0.7340121538742729
0.713649000292239
0.7257568390473076
0.7190564622049747
0.7283719182014465
0.6760449818942857
0.7287699792696082
0.733052997485451
0.7261215220326963
0.7210438847541809
