CONFIGURATION: 
Learning rate: 0.00E+00 
margin: 0.27 
batch_size: 32 
number of layers: 3 
Train losses 
0.43487731107959043
0.43095960252814824
0.42428294795530813
0.4274104321444476
0.40959089475649374
0.41602669656276703
0.4034270387004923
0.38997787568304276
0.3952388675124557
0.40465196227585826
0.39310738024888214
0.39679688855453776
0.40259273604110435
0.3775142189529207
0.3840125521024068
0.3813038925329844
0.3800438164560883
0.3948577267152292
0.3904116815990872
0.3804437896719685
0.3792365231999644
0.3787726178213402
0.3739649774851622
0.36881867856891065
0.3855423416252489
0.5158991309227767
0.48685026985627633
0.4507211838607435
0.4147808272529531
0.3566474441024992
0.3271544778788531
0.30516462248784526
0.2821688505234542
0.25517397191789415
0.24293199446466235
0.2209977681990023
0.2151049945089552
0.21066485234984644
0.19045164463696657
0.18576051968115348
0.1839979682807569
0.18291765903985058
0.1738495268203594
0.16733315763650117
0.17012784900488676
0.1738462198663641
0.16344108934755677
0.1618244641356998
0.1624626006241198
0.16503308525791874
0.7836461351977454
0.7860877460903591
0.747736617481267
0.7233473504031146
0.7147124697764714
0.7008420021445663
0.6926499089709035
0.6716665022903019
0.6643270475996865
0.6505801899565591
0.6535906698968675
0.6285206961411017
0.6190919084681406
0.3436348216401206
0.3098849140935474
0.2661963832599145
0.21691439659507186
0.18913114766279857
0.16154993330990827
0.15129531307352914
0.13658389686434358
0.12566690505654723
0.1290735325327626
0.12413876608566002
0.11627873480319977
0.11047477683535328
0.1005070576513255
0.09531455150356999
0.09637873603238
0.09471371267680768
0.09081935258927169
0.08351986860787428
0.08395356662847378
0.08834669843867973
0.0834767708071956
0.08569748429236589
0.08081204725636376
0.07935603465195055
Val losses 
0.6476770414595019
0.6252108739133466
0.6184631455362889
0.6161234718665742
0.5802455507872397
0.5568916473472327
0.5613825979985689
0.5232333389290592
0.5224571102543881
0.494153978008973
0.493889544093818
0.485514795048195
0.4805413662341603
0.48642111556571827
0.4467429628497676
0.505235867542133
0.45434553921222687
0.47083718264312074
0.44436013149587733
0.4709526279516387
0.47063918647013214
0.4576458115326731
0.44733469763345884
0.4611193307659082
0.4907984320531812
