CONFIGURATION: 
lr: 0.0001
wd: 0.01
d_model: 32
n_heads: 16
n_layers: 3
d_ff: 256
batch_size: 256
dropout: 0.04673213142448765
margin: 0.7354767081811983
epsilon: 0.01
Train losses 
0.5191989559115786
0.516369393377593
0.510847062775583
0.5135285890463627
0.5040420573769193
0.4868548268621618
0.9595465551723134
0.9480760512929974
0.9317676858468489
0.9217357978676305
0.9025399052735531
0.8885363629370024
0.8705323103702429
0.8748392589164503
0.8769158684846127
0.8636048905777208
0.8627221801064231
0.8518390167843212
0.8586244330261693
0.853536479400866
0.8553960630387971
0.8518610867587003
0.8364025553067526
0.8369066913922628
0.8417302189451276
Val losses 
0.41973540612629484
0.42756712436676025
0.42859361852918354
0.43072414823940824
0.41068307416779654
0.41410582406180246
0.42761172567095074
0.3906787804194859
0.39914992451667786
0.41170876792498995
0.40858225737299236
0.41859262330191477
0.3942087250096457
0.38382634094783236
0.42100220918655396
0.4216128247124808
0.39589658805302214
0.40114886845861164
0.40687738146100727
0.40324603234018597
0.39209661739213125
0.41142229097230093
0.4007034259183066
0.39437468562807354
0.40874575291361126
