CONFIGURATION: 
Training time: 120 
lr: 0.0001
wd: 0.001
d_model: 32
n_heads: 4
n_layers: 2
d_ff: 256
batch_size: 512
dropout: 0.35542183469792443
margin: 0.6162216366093067
epsilon: 1e-06
Train losses 
0.8162412881851197
0.7974738955497742
0.8254681944847106
0.8113216161727905
0.7623775422573089
0.7831131219863892
0.766457998752594
0.7930579662322998
0.8297881245613098
0.7731016099452972
0.7440348446369172
0.721022880077362
0.7912671089172363
0.8087243914604187
0.7551414489746093
Val losses 
0.4836672842502594
0.4792700707912445
0.47182029485702515
0.49382421374320984
0.4608900845050812
0.4866342544555664
0.48318392038345337
0.4788137972354889
0.4764831066131592
0.46854445338249207
0.47518113255500793
0.4820445775985718
0.46196219325065613
0.4546795189380646
0.48495274782180786
