CONFIGURATION: 
Training time: 116 
lr: 0.0001
wd: 0.1
d_model: 128
n_heads: 2
n_layers: 1
d_ff: 2048
batch_size: 512
dropout: 0.2526103714583694
margin: 0.8854867439477219
epsilon: 1e-06
Train losses 
0.9776978850364685
1.0065022885799408
0.9860080718994141
1.0151209354400634
0.9807875573635101
0.9859323322772979
1.0066612601280212
0.9405048847198486
0.9145771086215972
0.9719659268856049
0.9521231353282928
0.9265365540981293
0.9586697697639466
0.9428420484066009
0.942677891254425
Val losses 
0.7152624130249023
0.7388856410980225
0.6806391477584839
0.7286390662193298
0.7000434398651123
0.6954600811004639
0.7104174494743347
0.6847453713417053
0.718481719493866
0.6982776522636414
0.6695218086242676
0.6713592410087585
0.6762261390686035
0.6950148940086365
0.6878512501716614
