CONFIGURATION: 
Training time: 2233 
lr: 0.001
wd: 0.001
d_model: 256
n_heads: 16
n_layers: 4
d_ff: 256
batch_size: 512
dropout: 0.30374766757544625
margin: 0.5895585159527734
epsilon: 1e-05
Train losses 
0.7875610411167144
0.7497856378555298
0.6271638512611389
0.6186614751815795
0.5927857279777526
0.5418319076299667
0.5483025848865509
0.5061429053544998
0.5338757365942002
0.5087543874979019
0.5201462477445602
0.48834189474582673
0.4778680682182312
0.48973163962364197
0.4827586531639099
Val losses 
0.4011273980140686
0.38437169790267944
0.3647066056728363
0.3936978578567505
0.39976924657821655
0.3651581406593323
0.4001102149486542
0.39384725689888
0.40670594573020935
0.3816145956516266
0.4008726179599762
0.3825308680534363
0.40090978145599365
0.41561949253082275
0.40479302406311035
