CONFIGURATION: 
Training time: 272 
lr: 0.001
wd: 0.1
d_model: 256
n_heads: 16
n_layers: 1
d_ff: 256
batch_size: 512
dropout: 0.4622711208731814
margin: 0.7247182427666342
epsilon: 1e-05
Train losses 
0.9461443424224854
0.923604154586792
0.9232366740703583
0.8931525468826294
0.8904928982257843
0.8634177803993225
0.8501924932003021
0.7824537992477417
0.7723251938819885
0.754548978805542
0.7650529205799103
0.7157933115959167
0.76356942653656
0.7258413672447205
0.7358493089675904
Val losses 
0.453995019197464
0.4657764732837677
0.47877997159957886
0.44378355145454407
0.45071741938591003
0.4420953691005707
0.46626758575439453
0.4479732811450958
0.4651698172092438
0.4649917185306549
0.5060482621192932
0.4549454152584076
0.45775213837623596
0.4834907352924347
0.4761210083961487
