CONFIGURATION: 
Training time: 854 
lr: 2e-06
wd: 0.1
d_model: 32
n_heads: 16
n_layers: 3
d_ff: 128
batch_size: 512
dropout: 0.052953087192585235
margin: 0.9833219823306398
epsilon: 0.001
Train losses 
1.0412377893924714
1.026345556974411
1.0535529494285583
1.022674596309662
0.9911906361579895
1.013363540172577
1.0637115240097046
1.023517245054245
1.0567096412181853
1.0511018753051757
1.044359451532364
1.05686274766922
1.0362031996250152
1.0374029219150542
1.0315012753009796
Val losses 
0.7029985785484314
0.7299952507019043
0.7144575715065002
0.7124922275543213
0.7156694531440735
0.6974026560783386
0.7028228044509888
0.7167591452598572
0.71170574426651
0.7311288714408875
0.6975571513175964
0.7208846211433411
0.6970226764678955
0.7056708931922913
0.709892988204956
