CONFIGURATION: 
Training time: 269 
lr: 0.0002
wd: 0.001
d_model: 128
n_heads: 16
n_layers: 1
d_ff: 256
batch_size: 512
dropout: 0.3885583127958441
margin: 0.9506552149013071
epsilon: 0.001
Train losses 
1.086505389213562
1.1014600455760957
1.0955822050571442
1.0886853158473968
1.086665290594101
1.1135770976543427
1.0907692909240723
1.13243927359581
1.0748080968856812
1.0911854386329651
1.0664129853248596
1.1068066954612732
1.1096357226371765
1.0818002939224243
1.0634259223937987
Val losses 
0.6260804533958435
0.6122824549674988
0.6441959738731384
0.6005718111991882
0.6080483794212341
0.6377593874931335
0.6312240958213806
0.5911557078361511
0.6425898671150208
0.5991790294647217
0.6387509703636169
0.620144248008728
0.6110524535179138
0.6159085035324097
0.6279546022415161
