CONFIGURATION: 
Training time: 187 
lr: 0.0002
wd: 0.0005
d_model: 32
n_heads: 8
n_layers: 3
d_ff: 128
batch_size: 512
dropout: 0.039342212239686924
margin: 0.6805157258535615
epsilon: 1e-06
Train losses 
0.7374144554138183
0.7453486680984497
0.7582830488681793
0.7430901050567627
0.7396219372749329
0.7050359785556793
0.6840136885643006
0.709999394416809
0.6832581877708435
0.6767679870128631
0.6676885604858398
0.6675664007663726
0.6632322430610657
0.6569547414779663
0.6803331494331359
Val losses 
0.4782913029193878
0.45169177651405334
0.4820151925086975
0.4807351231575012
0.45481961965560913
0.5014715790748596
0.46936914324760437
0.4710681736469269
0.49503985047340393
0.47621846199035645
0.49959543347358704
0.4991258978843689
0.4849786162376404
0.4896565079689026
0.4962012767791748
