CONFIGURATION: 
Training time: 819 
lr: 2e-06
wd: 0.1
d_model: 16
n_heads: 16
n_layers: 4
d_ff: 256
batch_size: 512
dropout: 0.1928391612658254
margin: 0.2592015622974558
epsilon: 1e-07
Train losses 
0.4814899444580078
0.4633489102125168
0.4498006790876389
0.4647128522396088
0.4689880609512329
0.4875242382287979
0.4607637882232666
0.4395376414060593
0.47372564673423767
0.47080210149288176
0.4673150509595871
0.4805674910545349
0.47343712747097016
0.4632945716381073
0.4695470958948135
Val losses 
0.2079058140516281
0.22128795087337494
0.22016888856887817
0.23038548231124878
0.22131408751010895
0.21581901609897614
0.21988944709300995
0.20756253600120544
0.2076122909784317
0.21983373165130615
0.22184093296527863
0.2329382747411728
0.22090600430965424
0.22653694450855255
0.22724317014217377
