CONFIGURATION: 
Training time: 139 
lr: 1e-05
wd: 0.005
d_model: 16
n_heads: 2
n_layers: 3
d_ff: 2048
batch_size: 512
dropout: 0.33916494757265314
margin: 0.2878241662422682
epsilon: 0.001
Train losses 
0.5732155859470367
0.5578870683908462
0.534031218290329
0.5252702564001084
0.5535280615091324
0.5128138065338135
0.5334498047828674
0.5219905734062195
0.5049286216497422
0.5086411535739899
0.47916906476020815
0.5003259152173996
0.466973677277565
0.4913822203874588
0.4722126394510269
Val losses 
0.27296769618988037
0.2757281959056854
0.258856862783432
0.2609923481941223
0.2624562978744507
0.254496306180954
0.2479870766401291
0.24713140726089478
0.23548674583435059
0.23336254060268402
0.23881365358829498
0.24335512518882751
0.22992341220378876
0.24327875673770905
0.2412746399641037
