CONFIGURATION: 
Training time: 318 
lr: 2e-05
wd: 0.005
d_model: 16
n_heads: 16
n_layers: 2
d_ff: 128
batch_size: 512
dropout: 0.3043635817140778
margin: 0.6432911632115993
epsilon: 0.0001
Train losses 
0.7806680858135223
0.7592401921749115
0.8165636181831359
0.8124533951282501
0.8051754117012024
0.8112234771251678
0.81037757396698
0.7830649614334106
0.7922963857650757
0.825845867395401
0.8121892988681794
0.7857057631015778
0.7949497818946838
0.8417856276035309
0.8080910563468933
Val losses 
0.5010489225387573
0.49669113755226135
0.5118933320045471
0.4850783050060272
0.4979301691055298
0.496523380279541
0.503307044506073
0.5166324377059937
0.4782027304172516
0.47977492213249207
0.5076502561569214
0.4958047568798065
0.49536797404289246
0.48741012811660767
0.4928974509239197
