CONFIGURATION: 
Training time: 218 
lr: 0.0002
wd: 0.001
d_model: 64
n_heads: 4
n_layers: 4
d_ff: 1024
batch_size: 512
dropout: 0.2553345017863031
margin: 0.5278875727438257
epsilon: 0.01
Train losses 
0.849997490644455
0.7797954440116882
0.7439272940158844
0.6492413282394409
0.6209883987903595
0.5913856267929077
0.6053643763065338
0.5610743045806885
0.5993526518344879
0.5929381847381592
0.5664373397827148
0.5991762459278107
0.5727761209011077
0.5837915003299713
0.5878130912780761
Val losses 
0.3893289864063263
0.4007112681865692
0.39676401019096375
0.37496495246887207
0.3658621907234192
0.3650985360145569
0.37094682455062866
0.37277182936668396
0.36922314763069153
0.362186074256897
0.3820677101612091
0.369965136051178
0.36874330043792725
0.38402703404426575
0.3668059706687927
