CONFIGURATION: 
Training time: 158 
lr: 2e-05
wd: 0.01
d_model: 128
n_heads: 4
n_layers: 3
d_ff: 512
batch_size: 512
dropout: 0.28259359083013447
margin: 0.6799601585208848
epsilon: 1e-08
Train losses 
0.8669462621212005
0.8287245213985444
0.8144025444984436
0.8161305248737335
0.8691961765289307
0.8338757693767548
0.8225010454654693
0.8753528654575348
0.8385994732379913
0.7805764675140381
0.7980660855770111
0.8218341946601868
0.8187281847000122
0.8047575414180755
0.820567923784256
Val losses 
0.5332512259483337
0.5284656882286072
0.5170145630836487
0.5213183164596558
0.5174934267997742
0.5228493213653564
0.5180532336235046
0.4996468424797058
0.49800384044647217
0.5314694046974182
0.5115783214569092
0.49990227818489075
0.5330049395561218
0.5100369453430176
0.518823504447937
