CONFIGURATION: 
Training time: 255 
lr: 0.002
wd: 0.0001
d_model: 256
n_heads: 8
n_layers: 1
d_ff: 2048
batch_size: 512
dropout: 0.04846530727359605
margin: 0.9444779475972692
epsilon: 1e-08
Train losses 
0.9743983924388886
0.8852772355079651
0.8559894263744354
0.917576277256012
0.9288272321224212
0.8433190405368804
0.841609138250351
0.8319697678089142
0.8249215662479401
0.776092654466629
0.8264784395694733
0.7618622839450836
0.7380408942699432
0.7653548300266266
0.7684654772281647
Val losses 
0.6043810248374939
0.6054938435554504
0.6329059600830078
0.6486956477165222
0.6875721216201782
0.7432135939598083
0.6890435814857483
0.7151898741722107
0.6822984218597412
0.7250159978866577
0.7041962146759033
0.7218934893608093
0.74861079454422
0.7261072397232056
0.725827157497406
