CONFIGURATION: 
Training time: 83 
lr: 0.0001
wd: 0.1
d_model: 32
n_heads: 2
n_layers: 2
d_ff: 128
batch_size: 512
dropout: 0.40714122682688964
margin: 0.8736958477622732
epsilon: 0.01
Train losses 
0.9535517811775207
1.0162960112094879
1.0249727487564086
1.0218227446079253
1.0156050980091096
1.0218800187110901
0.9968373954296113
0.948582798242569
0.9729089438915253
0.979134202003479
0.9868516027927399
0.9910852372646332
0.9973187685012818
0.973105788230896
0.9900967478752136
Val losses 
0.5251781344413757
0.5334451794624329
0.5428856015205383
0.5439496040344238
0.5290248394012451
0.5205280184745789
0.5429306030273438
0.5328484773635864
0.5187950730323792
0.5491611957550049
0.5103175044059753
0.5211453437805176
0.5345726013183594
0.5307515263557434
0.5199986100196838
