CONFIGURATION: 
Training time: 107 
lr: 1e-05
wd: 0.1
d_model: 16
n_heads: 4
n_layers: 4
d_ff: 128
batch_size: 512
dropout: 0.42551189154193936
margin: 0.4082706930252971
epsilon: 0.001
Train losses 
0.6285718560218811
0.6461205601692199
0.641727602481842
0.6367528975009918
0.6204635888338089
0.60971719622612
0.6723804354667664
0.6410767912864686
0.6470915734767914
0.6366921544075013
0.6187666952610016
0.6423164665699005
0.6262571394443512
0.5981890290975571
0.6477704405784607
Val losses 
0.2574085295200348
0.26889532804489136
0.26405996084213257
0.27441880106925964
0.2763122022151947
0.2666407525539398
0.2610336244106293
0.2540346682071686
0.25820329785346985
0.27264317870140076
0.2686733603477478
0.2752232253551483
0.26803338527679443
0.2523418962955475
0.2637913227081299
