CONFIGURATION: 
Training time: 121 
lr: 2e-06
wd: 0.01
d_model: 64
n_heads: 2
n_layers: 4
d_ff: 1024
batch_size: 512
dropout: 0.34341269189240253
margin: 0.1586123203232325
epsilon: 0.0001
Train losses 
0.539782589673996
0.561586445569992
0.5279393047094345
0.547165697813034
0.548117271065712
0.5421911329030991
0.5188838243484497
0.5330874264240265
0.5565935522317886
0.5591599225997925
0.5437339782714844
0.5271286875009537
0.5489788979291916
0.5667360991239547
0.5361604005098343
Val losses 
0.19034956395626068
0.21893271803855896
0.20631515979766846
0.21134234964847565
0.20298172533512115
0.2126275897026062
0.22554482519626617
0.20360125601291656
0.21701586246490479
0.2133309543132782
0.23165330290794373
0.19354233145713806
0.22135256230831146
0.23232035338878632
0.21732765436172485
