CONFIGURATION: 
Training time: 99 
lr: 2e-06
wd: 0.05
d_model: 32
n_heads: 4
n_layers: 4
d_ff: 128
batch_size: 512
dropout: 0.31335472702420925
margin: 0.41820825804615797
epsilon: 1e-08
Train losses 
0.6452028512954712
0.6296801269054413
0.6048472106456757
0.6155440270900726
0.6102643013000488
0.6459943890571594
0.6749592959880829
0.6513057291507721
0.6639429330825806
0.6574040293693543
0.6250392943620682
0.643793272972107
0.6227934002876282
0.6355724096298218
0.6473798334598542
Val losses 
0.290659636259079
0.2766259014606476
0.2875169813632965
0.28438517451286316
0.2936815619468689
0.2794661521911621
0.29323747754096985
0.301265686750412
0.28298357129096985
0.2747775912284851
0.28755056858062744
0.2948468029499054
0.2689594626426697
0.2884877920150757
0.27953532338142395
