CONFIGURATION: 
Training time: 166 
lr: 2e-06
wd: 0.1
d_model: 16
n_heads: 16
n_layers: 1
d_ff: 256
batch_size: 512
dropout: 0.08993193033276359
margin: 0.1388242661348116
epsilon: 0.001
Train losses 
0.4388367623090744
0.4363373041152954
0.42590743601322173
0.44301860928535464
0.416477769613266
0.4246612012386322
0.45549790263175965
0.4426137119531631
0.48199835121631623
0.4295303076505661
0.4373874306678772
0.441693851351738
0.4422729969024658
0.44559554755687714
0.43729762732982635
Val losses 
0.17962339520454407
0.16852445900440216
0.183802530169487
0.17491036653518677
0.18274283409118652
0.18119268119335175
0.1617424339056015
0.18358831107616425
0.1575905978679657
0.19199638068675995
0.16186033189296722
0.17092230916023254
0.1812887042760849
0.1836862862110138
0.16891495883464813
