CONFIGURATION: 
Training time: 176 
lr: 0.0001
wd: 0.0005
d_model: 16
n_heads: 8
n_layers: 3
d_ff: 128
batch_size: 512
dropout: 0.11922821287589724
margin: 0.38164100267672457
epsilon: 1e-06
Train losses 
0.5704900920391083
0.5575689315795899
0.5207170397043228
0.5224933087825775
0.538127475976944
0.5064617663621902
0.5082973331212998
0.4893599510192871
0.49706511199474335
0.48696250319480894
0.4654944330453873
0.4502286046743393
0.47679213881492616
0.49087804555892944
0.4729303628206253
Val losses 
0.21509096026420593
0.22104743123054504
0.2130708396434784
0.21173961460590363
0.21190039813518524
0.21064426004886627
0.19463708996772766
0.19772477447986603
0.19766899943351746
0.19355979561805725
0.2096269726753235
0.2044118344783783
0.21113891899585724
0.2030022144317627
0.1974661499261856
