CONFIGURATION: 
Training time: 95 
lr: 1e-05
wd: 0.0001
d_model: 64
n_heads: 2
n_layers: 4
d_ff: 128
batch_size: 512
dropout: 0.18163493595966457
margin: 0.37440918542027274
epsilon: 0.0001
Train losses 
0.6897085249423981
0.6510302782058716
0.6709338188171386
0.6812730669975281
0.6053560435771942
0.664008504152298
0.6572123646736145
0.6584425628185272
0.6624580979347229
0.6459718167781829
0.654997605085373
0.6587090432643891
0.6276236534118652
0.6670033574104309
0.6773468494415283
Val losses 
0.3490879535675049
0.359602153301239
0.3589721620082855
0.37985071539878845
0.33187779784202576
0.3462642431259155
0.3639965057373047
0.34405651688575745
0.3533363342285156
0.3521471917629242
0.38141417503356934
0.35005441308021545
0.3274882733821869
0.35277339816093445
0.33074745535850525
