CONFIGURATION: 
Training time: 139 
lr: 0.001
wd: 0.05
d_model: 256
n_heads: 4
n_layers: 1
d_ff: 1024
batch_size: 512
dropout: 0.0021217640505082347
margin: 0.8068010824667992
epsilon: 0.0001
Train losses 
1.3168476223945618
1.1824549078941344
0.9641987681388855
0.8185413122177124
0.8174119770526886
0.8025807440280914
0.8172106385231018
0.7907573938369751
0.7658244907855988
0.7867008209228515
0.7741938531398773
0.791793829202652
0.8038234889507294
0.823153954744339
0.796246600151062
Val losses 
0.49185800552368164
0.4627886712551117
0.49280449748039246
0.5353577733039856
0.5895631313323975
0.5874142646789551
0.5796694755554199
0.5992011427879333
0.5767566561698914
0.5653208494186401
0.5976277589797974
0.575451672077179
0.5744690895080566
0.56568443775177
0.5594695210456848
