CONFIGURATION: 
Training time: 161 
lr: 0.002
wd: 0.0001
d_model: 64
n_heads: 4
n_layers: 3
d_ff: 1024
batch_size: 512
dropout: 0.3490633292786245
margin: 0.6117698050324328
epsilon: 0.0001
Train losses 
0.7627555191516876
0.6742561399936676
0.6404097318649292
0.6495601296424866
0.6384193778038025
0.605445146560669
0.6341047346591949
0.5627248764038086
0.574072253704071
0.5896076560020447
0.5770689129829407
0.5334525793790817
0.5544792413711548
0.5684792280197144
0.5711324691772461
Val losses 
0.3532983660697937
0.3278850317001343
0.39390140771865845
0.43699881434440613
0.45577314496040344
0.4744616150856018
0.47239482402801514
0.4479005038738251
0.4647744297981262
0.471267431974411
0.46239203214645386
0.47106531262397766
0.451213538646698
0.4582500159740448
0.47398391366004944
