CONFIGURATION: 
Training time: 1822 
lr: 1e-05
wd: 0.005
d_model: 512
n_heads: 2
n_layers: 4
d_ff: 1024
batch_size: 512
dropout: 0.49545728200941275
margin: 0.7199479539704197
epsilon: 0.01
Train losses 
0.9593270599842072
0.9080500423908233
0.9383932292461395
0.9050045132637023
0.9755549252033233
0.9329399168491364
0.88521129488945
0.9514660596847534
0.9403905153274537
0.9273503661155701
0.9315012395381927
0.9360541760921478
0.9112096011638642
0.9477065801620483
0.9136543154716492
Val losses 
0.6001647114753723
0.596947431564331
0.6600927710533142
0.6435739398002625
0.6445026993751526
0.6683855652809143
0.6660276651382446
0.6616338491439819
0.6656805276870728
0.6465323567390442
0.6207164525985718
0.7111667394638062
0.5952369570732117
0.656315803527832
0.6469652056694031
