CONFIGURATION: 
Training time: 97 
lr: 2e-06
wd: 0.05
d_model: 64
n_heads: 4
n_layers: 4
d_ff: 1024
batch_size: 1024
dropout: 0.27896514623729485
margin: 0.69796622182209
epsilon: 1e-08
Train losses 
0.8695546984672546
0.8263197541236877
0.8676405668258667
0.8545631289482116
0.8274092197418212
0.8467494726181031
0.8852137327194214
0.8407033681869507
0.8807243466377258
0.837779426574707
0.8793469548225403
0.8606701374053956
0.8352897047996521
0.8530735492706298
0.8326249837875366
Val losses 
0.4865119755268097
0.520093560218811
0.5335129499435425
0.5185465216636658
0.5297373533248901
0.5295387506484985
0.5056194067001343
0.4995358884334564
0.5243328809738159
0.5123760104179382
0.5298142433166504
0.5455441474914551
0.5255025029182434
0.5007174611091614
0.5202849507331848
