CONFIGURATION: 
Training time: 113 
lr: 0.002
wd: 0.005
d_model: 64
n_heads: 8
n_layers: 3
d_ff: 512
batch_size: 1024
dropout: 0.30180437426256146
margin: 0.446068049918775
epsilon: 0.001
Train losses 
0.6889094471931457
0.6053849697113037
0.5053498804569244
0.5050291776657104
0.494010990858078
0.4828069627285004
0.5002312242984772
0.4916859149932861
0.4849874496459961
0.4882883846759796
0.47828481197357176
0.47271147966384885
0.47714012265205386
0.47685588002204893
0.4635547876358032
Val losses 
0.3644072115421295
0.3293267488479614
0.3197694718837738
0.34850937128067017
0.3536643981933594
0.35618728399276733
0.36243125796318054
0.36134961247444153
0.35264262557029724
0.3536277711391449
0.3597748875617981
0.35905927419662476
0.3519694209098816
0.3620223104953766
0.3553054630756378
