CONFIGURATION: 
Training time: 114 
lr: 0.0002
wd: 0.001
d_model: 128
n_heads: 4
n_layers: 4
d_ff: 2048
batch_size: 1024
dropout: 0.3381297824121573
margin: 0.5497205571778213
epsilon: 1e-06
Train losses 
0.7821020722389221
0.7132674574851989
0.6748584032058715
0.617102587223053
0.6032288312911988
0.5748117923736572
0.5916780471801758
0.5753875613212586
0.5756450533866883
0.5813483357429504
0.566132414340973
0.5674659848213196
0.582250463962555
0.5687680006027221
0.5829690814018249
Val losses 
0.4510253369808197
0.39754146337509155
0.38251471519470215
0.3801478445529938
0.38901808857917786
0.3914003074169159
0.3793144226074219
0.4031258523464203
0.3935469388961792
0.3856116831302643
0.4054959714412689
0.41006729006767273
0.3968169093132019
0.3917315900325775
0.3925124406814575
