CONFIGURATION: 
Training time: 88 
lr: 2e-06
wd: 0.01
d_model: 16
n_heads: 2
n_layers: 1
d_ff: 2048
batch_size: 1024
dropout: 0.30320370230624183
margin: 0.8793832547958369
epsilon: 1e-07
Train losses 
1.03073148727417
1.023787009716034
1.0123871326446534
1.0196802973747254
1.000747013092041
1.0068321228027344
1.0029688954353333
0.9984477043151856
1.0081496953964233
0.9941815972328186
1.0324186086654663
1.0105115056037903
1.0260485053062438
0.9736763596534729
1.0185249209403993
Val losses 
0.6784568428993225
0.7086192965507507
0.7001590728759766
0.7026180028915405
0.6832118034362793
0.6904110312461853
0.7142049670219421
0.6695927381515503
0.7023588418960571
0.6862673759460449
0.711155116558075
0.6857323050498962
0.6969635486602783
0.6856822967529297
0.694525420665741
