CONFIGURATION: 
Training time: 111 
lr: 0.001
wd: 0.1
d_model: 64
n_heads: 16
n_layers: 1
d_ff: 1024
batch_size: 1024
dropout: 0.31116071454837996
margin: 0.7657108205156892
epsilon: 0.01
Train losses 
0.8937489271163941
0.8761461734771728
0.866599977016449
0.8596689820289611
0.8800671815872192
0.826606297492981
0.8575963735580444
0.8239380598068238
0.8639754056930542
0.8286906361579895
0.831147027015686
0.8332089424133301
0.8198526859283447
0.8358310341835022
0.8245771288871765
Val losses 
0.535050094127655
0.5611642599105835
0.5638931393623352
0.5541104674339294
0.5585412979125977
0.5421409010887146
0.5693346261978149
0.552802562713623
0.5554970502853394
0.5573076605796814
0.5638742446899414
0.5530722141265869
0.5594119429588318
0.56092369556427
0.581081211566925
