CONFIGURATION: 
Training time: 89 
lr: 1e-06
wd: 0.01
d_model: 16
n_heads: 8
n_layers: 3
d_ff: 2048
batch_size: 1024
dropout: 0.42182133422135193
margin: 0.3863805781026295
epsilon: 1e-08
Train losses 
0.6940119743347168
0.6753411412239074
0.678684675693512
0.6771791100502014
0.6879481315612793
0.6604525208473205
0.6795328378677368
0.6771669983863831
0.6772185206413269
0.6648639440536499
0.636558187007904
0.6996642708778381
0.6680671215057373
0.6701936483383178
0.6468464851379394
Val losses 
0.3300405442714691
0.32191506028175354
0.32133039832115173
0.3284133970737457
0.34891271591186523
0.3365611433982849
0.3148891031742096
0.3318677842617035
0.3330684304237366
0.3264309763908386
0.3335181176662445
0.33678627014160156
0.3330368995666504
0.32623717188835144
0.33720943331718445
