CONFIGURATION: 
Training time: 91 
lr: 0.002
wd: 0.05
d_model: 64
n_heads: 2
n_layers: 4
d_ff: 128
batch_size: 1024
dropout: 0.28935682802063145
margin: 0.6967944086416843
epsilon: 1e-06
Train losses 
0.840789008140564
0.7976971864700317
0.7374659061431885
0.7173491716384888
0.712209951877594
0.7010054349899292
0.7089043617248535
0.6968625664710999
0.6956774115562439
0.6837279677391053
0.7047794818878174
0.6801237463951111
0.6863496541976929
0.6666981697082519
0.6658111095428467
Val losses 
0.5264828205108643
0.5252522826194763
0.5163649916648865
0.5367774367332458
0.5597866177558899
0.5614465475082397
0.5562768578529358
0.5528811812400818
0.5449628233909607
0.5300682187080383
0.5227155685424805
0.5304540395736694
0.5160878896713257
0.5198923945426941
0.5267494320869446
