CONFIGURATION: 
Training time: 127 
lr: 2e-05
wd: 0.001
d_model: 512
n_heads: 2
n_layers: 1
d_ff: 512
batch_size: 1024
dropout: 0.10067920063123498
margin: 0.7820675312424772
epsilon: 1e-07
Train losses 
0.9423402547836304
0.9413625359535217
0.8863096952438354
0.9057634234428406
0.9429997324943542
0.9065248489379882
0.8851879835128784
0.856087839603424
0.8731802940368653
0.8595086812973023
0.8743937253952027
0.8827037930488586
0.8729954242706299
0.8744556903839111
0.8605638861656189
Val losses 
0.702681839466095
0.6548293828964233
0.6729143261909485
0.6973774433135986
0.7071346640586853
0.6590555906295776
0.6822825074195862
0.6718747615814209
0.6682885885238647
0.710783839225769
0.6705175042152405
0.6646616458892822
0.6948357224464417
0.7076548933982849
0.6575316786766052
