CONFIGURATION: 
Training time: 92 
lr: 1e-06
wd: 0.0001
d_model: 16
n_heads: 8
n_layers: 4
d_ff: 256
batch_size: 1024
dropout: 0.06282471656871902
margin: 0.6076710171413091
epsilon: 0.001
Train losses 
0.7464035272598266
0.7164156198501587
0.692727780342102
0.7309131741523742
0.7499833583831788
0.7221097588539124
0.7010063409805298
0.725335955619812
0.7073083639144897
0.7245528936386109
0.7103886365890503
0.735002589225769
0.7280941843986511
0.724184513092041
0.7174827694892884
Val losses 
0.5408403277397156
0.5170255899429321
0.5115976333618164
0.5043814182281494
0.5226609706878662
0.5197277665138245
0.5204543471336365
0.527707040309906
0.5098200440406799
0.535983681678772
0.48750039935112
0.5060060024261475
0.5281522274017334
0.510298490524292
0.5219738483428955
