CONFIGURATION: 
Training time: 3458 
lr: 0.0001
wd: 0.01
d_model: 128
n_heads: 8
n_layers: 4
d_ff: 256
batch_size: 16
dropout: 0.14886154304952465
margin: 0.23283784200301852
epsilon: 0.01
Train losses 
0.4169392521892275
0.399815285887037
0.38110292392117634
0.33972448442663467
0.3102591640608651
0.26122386038303375
0.25539112657308577
0.2255828624538013
0.22361852381910596
0.20846886668886458
0.19434849432536533
0.19256214499473573
0.17933148341519492
0.17818872515644346
0.17432104008538382
0.1685924812725612
0.16035250357219152
0.160576089152268
0.15633899773870197
0.15228909518037523
0.14594774931669235
0.147632314818246
0.14654898341212955
0.13855887293815614
0.1412299187694277
0.13817157770906177
0.14436889588832855
0.1297852590254375
0.13466061477150235
0.129613245342459
0.133701214492321
0.12732248033796037
0.12328450283833912
0.11998070129326412
0.12949898204633167
0.12057554372719356
0.12027619979211263
0.1202808826310294
0.11696419962814876
0.11413635445492608
0.11403749078512192
0.11503395898001535
0.11429230996540614
0.11440182174955095
0.11199290416070393
0.10919003776141575
0.10589716140713011
0.10893760753529412
0.10722646628107343
0.10394564032554626
0.10529729442937033
0.10684826339994158
0.10240545196192605
0.10641131643738065
0.10294235008103507
0.1019274701816695
0.10223578725542341
0.09690681921584265
0.09198086691754205
0.09542905509471894
0.0953985572712762
0.09264615122761045
0.09153740542275565
0.09500458291598729
0.08972057678869792
0.08920029146330698
0.0899261313676834
0.09092403982366834
0.08559122042996543
0.09031004164900099
0.08535497822931834
0.08770547475133623
0.08703053755419594
0.08675346289362226
0.08780787932021278
0.08635534299271447
0.08599745375769478
0.0779321792296001
0.08123980126210621
0.08431605075086866
0.07907124676874706
0.08105540352208274
0.08397972336837224
0.08174271626131875
0.084211856509958
0.0823533069235938
0.0844972397174154
0.08365728586912155
0.08198452855859484
0.0796382907458714
0.07645615462745939
0.07722915125744684
0.07631530612707138
0.07522811216967447
0.07645096668175289
0.08046809766973768
0.07236415535211563
0.07842455106122154
0.07163743755647115
0.07490531495639256
0.08019423527376993
0.0768134983096804
0.07459503020559038
0.07510707629578454
0.07242939080510821
0.07227437279054097
0.0702415207028389
0.07578783192804882
0.07062609736408507
0.0715680170910699
0.06796348380190985
0.07124515733548573
0.07145728439092636
0.07121388013873782
0.07041141220501491
0.06876593296016965
0.07278484135866164
0.07198937543800898
0.07116332884345736
0.06759863657610757
0.06687585507120405
0.06864141975130354
0.06787035959107535
0.06792999301637923
0.06520349076816014
0.07025097983224052
0.06512969434261322
0.06916238984891347
0.07021966576576233
0.06376589638846261
Val losses 
0.25133031606674194
0.253080278635025
0.23194612562656403
0.19503511488437653
0.17118903994560242
0.15939635038375854
0.14179423451423645
0.1330813616514206
0.14001330733299255
0.1470428705215454
0.13344328105449677
0.12790365517139435
0.1324247270822525
0.1410367339849472
0.13498277962207794
0.12691807746887207
0.1287236213684082
0.13537681102752686
0.12131582200527191
0.11823137104511261
0.1123884916305542
0.1177193894982338
0.12263179570436478
0.10174117237329483
0.12219184637069702
0.12514641880989075
0.10569276660680771
0.09311407059431076
0.10235390067100525
0.10036113113164902
0.10227767378091812
0.10948443412780762
0.10301218926906586
0.10580531507730484
0.09317624568939209
0.09070956707000732
0.0831766352057457
0.09528903663158417
0.08774646371603012
0.08768270164728165
0.09253399074077606
0.07869164645671844
0.08187452703714371
0.07768522948026657
0.08129555732011795
0.08492697775363922
0.07268423587083817
0.07704340666532516
0.07961137592792511
0.07630937546491623
0.08267931640148163
0.07846575975418091
0.09084533900022507
0.07345530390739441
0.07612214237451553
0.0753631442785263
0.07454121857881546
0.08023998141288757
0.07080391049385071
0.06710122525691986
0.07521205395460129
0.07407938688993454
0.07397567480802536
0.07089243084192276
0.06542481482028961
0.06422998011112213
0.07286656647920609
0.06695658713579178
0.06611665338277817
0.07170838117599487
0.06528394669294357
0.06094500422477722
0.07284945249557495
0.05536835268139839
0.05425266921520233
0.06265213340520859
0.06722287833690643
0.059042949229478836
0.07148472219705582
0.059695757925510406
0.0611722506582737
0.05740192160010338
0.06166756525635719
0.053871799260377884
0.05478275194764137
0.05747045576572418
0.053112804889678955
0.055851083248853683
0.055282771587371826
0.056181807070970535
0.040821801871061325
0.05471176654100418
0.053880173712968826
0.06302104890346527
0.056438203901052475
0.05259295180439949
0.048425670713186264
0.04964085668325424
0.052527956664562225
0.05980289727449417
0.05742922052741051
0.06087427958846092
0.05752630531787872
0.05089272931218147
0.0523587241768837
0.052103299647569656
0.0493110716342926
0.051541633903980255
0.046285733580589294
0.048861198127269745
0.053467415273189545
0.05544450134038925
0.042734887450933456
0.035979267209768295
0.05413452163338661
0.0484195239841938
0.04549665376543999
0.04814055189490318
0.04646666347980499
0.047324784100055695
0.05209774896502495
0.04488879442214966
0.04618431255221367
0.04206555709242821
0.05117295682430267
0.04982663691043854
0.04844598472118378
0.04367892071604729
0.0387161448597908
0.04107706993818283
