CONFIGURATION: 
Training time: 92 
lr: 0.0002
wd: 0.05
d_model: 32
n_heads: 16
n_layers: 3
d_ff: 128
batch_size: 1024
dropout: 0.37321692211535246
margin: 0.16833329177754186
epsilon: 0.01
Train losses 
0.5064401865005493
0.5276709377765656
0.492804092168808
0.4983812987804413
0.479394668340683
0.4923764705657959
0.49086121916770936
0.4839205265045166
0.4944026947021484
0.4697707176208496
0.4698186218738556
0.5020879626274108
0.4637765884399414
0.4775393545627594
0.4968544840812683
Val losses 
0.14698147773742676
0.1384199559688568
0.14370401203632355
0.14270441234111786
0.15030719339847565
0.13570672273635864
0.13884441554546356
0.12593507766723633
0.1315649300813675
0.13890720903873444
0.14323949813842773
0.13029497861862183
0.14070381224155426
0.13699807226657867
0.13889139890670776
