CONFIGURATION: 
Training time: 114 
lr: 2e-05
wd: 0.05
d_model: 256
n_heads: 8
n_layers: 3
d_ff: 128
batch_size: 1024
dropout: 0.16691620300109417
margin: 0.51295979917368
epsilon: 0.001
Train losses 
0.7169683933258056
0.7258077263832092
0.7131714344024658
0.7126940846443176
0.7276588320732117
0.7084288001060486
0.7140486598014831
0.7129169344902039
0.6898920655250549
0.7067877888679505
0.6989644885063171
0.6985051989555359
0.6991896867752075
0.7256199717521667
0.6891557455062867
Val losses 
0.34779879450798035
0.3176890015602112
0.34691983461380005
0.3193049430847168
0.3218960464000702
0.32337337732315063
0.34124308824539185
0.3287213146686554
0.3170812129974365
0.3306152820587158
0.33559346199035645
0.3376527726650238
0.3141328692436218
0.3367128074169159
0.30530405044555664
