CONFIGURATION: 
Training time: 128 
lr: 2e-05
wd: 0.01
d_model: 128
n_heads: 4
n_layers: 3
d_ff: 1024
batch_size: 1024
dropout: 0.30750559479783457
margin: 0.5207184204551283
epsilon: 1e-08
Train losses 
0.7649774551391602
0.7508585095405579
0.7256856918334961
0.7351017355918884
0.7156481862068176
0.7476199746131897
0.7131870985031128
0.7158838033676147
0.6805343866348267
0.6790459513664245
0.6986831784248352
0.6904003262519837
0.6832752585411072
0.7080284118652344
0.7087353110313416
Val losses 
0.35669955611228943
0.33731958270072937
0.31919965147972107
0.35001373291015625
0.324433833360672
0.333036869764328
0.30696627497673035
0.332711786031723
0.332908570766449
0.3123951256275177
0.3228582441806793
0.31330570578575134
0.2989671528339386
0.31944599747657776
0.35562074184417725
