CONFIGURATION: 
Training time: 101 
lr: 0.002
wd: 0.001
d_model: 128
n_heads: 2
n_layers: 4
d_ff: 512
batch_size: 1024
dropout: 0.39346759154764316
margin: 0.8387886684780449
epsilon: 1e-05
Train losses 
0.9939452528953552
0.8967454195022583
0.8575748443603516
0.8055860757827759
0.8358837485313415
0.7977636933326722
0.8063373804092407
0.7873874425888061
0.796177613735199
0.7822702169418335
0.7928129434585571
0.7853680491447449
0.7331566572189331
0.7806616067886353
0.7810454130172729
Val losses 
0.481449156999588
0.4556354582309723
0.4897841811180115
0.5521100759506226
0.5764046907424927
0.6100547909736633
0.5865367650985718
0.5805122256278992
0.5472614765167236
0.547553300857544
0.5161309242248535
0.5264877676963806
0.5181872248649597
0.5237724184989929
0.512157142162323
