CONFIGURATION: 
Training time: 108 
lr: 0.0002
wd: 0.1
d_model: 256
n_heads: 16
n_layers: 1
d_ff: 1024
batch_size: 1024
dropout: 0.2519211437358501
margin: 0.8041363905730347
epsilon: 1e-07
Train losses 
0.9587900280952454
0.9402783870697021
0.9474996328353882
0.9619812369346619
0.9001741766929626
0.8724124789237976
0.8366785764694213
0.8447128295898437
0.8266288638114929
0.8183263778686524
0.8246216177940369
0.8173267602920532
0.8333087205886841
0.7998926162719726
0.7904788255691528
Val losses 
0.39378711581230164
0.3798367381095886
0.44027453660964966
0.4146428108215332
0.4282090961933136
0.3798663914203644
0.382570743560791
0.45960548520088196
0.4183313250541687
0.43564677238464355
0.3863682448863983
0.41511714458465576
0.3991525173187256
0.38952794671058655
0.37965741753578186
