CONFIGURATION: 
Training time: 107 
lr: 0.002
wd: 0.005
d_model: 512
n_heads: 4
n_layers: 2
d_ff: 128
batch_size: 1024
dropout: 0.14886547240013676
margin: 0.9888050923572932
epsilon: 0.001
Train losses 
1.1430590629577637
1.0702408790588378
1.0512448072433471
0.9851707816123962
0.9812560081481934
0.9211259841918945
0.8552018165588379
0.8613514304161072
0.846261179447174
0.8560166716575622
0.8588946461677551
0.882317841053009
0.8464840412139892
0.8456242442131042
0.8320864915847779
Val losses 
0.5915434956550598
0.5589911937713623
0.5953266024589539
0.5288633108139038
0.5110220909118652
0.48743554949760437
0.479754239320755
0.5237532258033752
0.5107923746109009
0.5225748419761658
0.519977331161499
0.5209001302719116
0.5536816716194153
0.557582676410675
0.5112363696098328
