CONFIGURATION: 
Training time: 119 
lr: 2e-06
wd: 0.005
d_model: 128
n_heads: 16
n_layers: 3
d_ff: 2048
batch_size: 1024
dropout: 0.2983780448963238
margin: 0.8764277058473634
epsilon: 1e-06
Train losses 
0.9882303714752197
0.9868914008140564
1.0111295580863953
0.9884347081184387
0.9697576880455017
0.9981752514839173
0.950792419910431
0.9969362139701843
0.9814337968826294
0.9704777598381042
0.9791742205619812
0.9504951596260071
0.9763348698616028
0.9834229707717895
0.9769551277160644
Val losses 
0.4225994050502777
0.42424649000167847
0.4382041394710541
0.42066308856010437
0.41863125562667847
0.44768986105918884
0.40920960903167725
0.4178300201892853
0.4411695599555969
0.4322391152381897
0.4257754683494568
0.4433228373527527
0.44233042001724243
0.4337286949157715
0.441487193107605
