CONFIGURATION: 
Training time: 92 
lr: 0.001
wd: 0.05
d_model: 32
n_heads: 2
n_layers: 4
d_ff: 1024
batch_size: 1024
dropout: 0.3385906156126502
margin: 0.5555952740991962
epsilon: 1e-07
Train losses 
0.7611738681793213
0.6740930199623107
0.6046237945556641
0.6022127389907836
0.5826584100723267
0.592237937450409
0.5826253414154052
0.5912961006164551
0.5824124097824097
0.5837070345878601
0.5775054454803467
0.5881724953651428
0.5841217875480652
0.5756406426429749
0.5659559845924378
Val losses 
0.3745013177394867
0.334897518157959
0.3595096468925476
0.4244512915611267
0.4619034230709076
0.47025761008262634
0.4711483120918274
0.47098904848098755
0.4653826653957367
0.4669691324234009
0.46793660521507263
0.4637886583805084
0.46479305624961853
0.4629620313644409
0.4588339328765869
