CONFIGURATION: 
Training time: 129 
lr: 0.001
wd: 0.005
d_model: 128
n_heads: 16
n_layers: 2
d_ff: 2048
batch_size: 1024
dropout: 0.3318996270960035
margin: 0.8214415531252629
epsilon: 1e-08
Train losses 
0.9454335689544677
0.9094942688941956
0.8442255735397339
0.8314670205116272
0.811832332611084
0.7948291420936584
0.7905340433120728
0.7562195181846618
0.7853762626647949
0.7467748999595643
0.736288332939148
0.7765481352806092
0.7601893424987793
0.7682356715202332
0.7679902195930481
Val losses 
0.3894558250904083
0.38677114248275757
0.40130481123924255
0.45293787121772766
0.456505686044693
0.5282994508743286
0.4881998598575592
0.471893846988678
0.4681071937084198
0.47325801849365234
0.44753536581993103
0.4580172300338745
0.4638882279396057
0.4659389853477478
0.4553719460964203
