CONFIGURATION: 
Training time: 91 
lr: 0.001
wd: 0.001
d_model: 256
n_heads: 4
n_layers: 2
d_ff: 1024
batch_size: 1024
dropout: 0.03548810926852397
margin: 0.1523199214296373
epsilon: 0.01
Train losses 
0.5076497733592987
0.477157860994339
0.4418981850147247
0.421601402759552
0.40268747210502626
0.3759232938289642
0.36787979006767274
0.34223332405090334
0.30331301093101504
0.27695215344429014
0.2772240400314331
0.2847880184650421
0.27576340138912203
0.2622677028179169
0.27286584079265597
Val losses 
0.23634353280067444
0.2418956309556961
0.23309020698070526
0.19430474936962128
0.18723556399345398
0.20279380679130554
0.18880504369735718
0.1578010469675064
0.1643097847700119
0.15744274854660034
0.16028086841106415
0.1695728600025177
0.15578150749206543
0.157409206032753
0.1589413434267044
