CONFIGURATION: 
Training time: 107 
lr: 0.0002
wd: 0.1
d_model: 128
n_heads: 8
n_layers: 2
d_ff: 128
batch_size: 1024
dropout: 0.26946399286742284
margin: 0.8424755257986255
epsilon: 1e-05
Train losses 
0.9713514804840088
0.9727296352386474
0.9934113979339599
0.9365523219108581
0.9655519366264343
0.926089596748352
0.896032202243805
0.9225500464439392
0.9005066275596618
0.8817021608352661
0.8690558671951294
0.8632040023803711
0.8770483493804931
0.8621678709983825
0.8765225529670715
Val losses 
0.4501098692417145
0.4382147789001465
0.4269759953022003
0.4523671567440033
0.4583422839641571
0.4325270354747772
0.4598962366580963
0.4123329222202301
0.4488898515701294
0.4701550304889679
0.4533316493034363
0.4403470456600189
0.46041393280029297
0.43352770805358887
0.4594123959541321
