CONFIGURATION: 
Training time: 116 
lr: 0.0001
wd: 0.0005
d_model: 16
n_heads: 8
n_layers: 3
d_ff: 1024
batch_size: 1024
dropout: 0.4170071602660627
margin: 0.7742438018493493
epsilon: 0.01
Train losses 
0.9328829288482666
0.9271675705909729
0.9495494723320007
0.9109495759010315
0.9243064045906066
0.8606914281845093
0.895009458065033
0.8945459604263306
0.8979251027107239
0.8706559896469116
0.8578688859939575
0.8923503637313843
0.8667107462882996
0.86739661693573
0.84960435628891
Val losses 
0.44066306948661804
0.45185089111328125
0.45325538516044617
0.4530840814113617
0.4528743624687195
0.45716771483421326
0.42382076382637024
0.46257978677749634
0.458834707736969
0.4589129090309143
0.42524680495262146
0.4463655650615692
0.4389324188232422
0.452162504196167
0.452249675989151
