CONFIGURATION: 
Training time: 119 
lr: 0.0002
wd: 0.001
d_model: 64
n_heads: 4
n_layers: 2
d_ff: 256
batch_size: 1024
dropout: 0.45215396563993304
margin: 0.7154836451880895
epsilon: 0.01
Train losses 
0.9018024325370788
0.9370453119277954
0.909199333190918
0.8748095631599426
0.890076220035553
0.9050580739974976
0.886627471446991
0.8510563135147095
0.8997369647026062
0.8763813972473145
0.8812827825546264
0.8729781746864319
0.885557234287262
0.8882553815841675
0.8647621989250183
Val losses 
0.41593605279922485
0.39670443534851074
0.39400580525398254
0.411072313785553
0.38281649351119995
0.4055401384830475
0.38753876090049744
0.3607622981071472
0.38604578375816345
0.3646959662437439
0.383229523897171
0.38995373249053955
0.38213807344436646
0.38878291845321655
0.3779630661010742
