CONFIGURATION: 
Training time: 110 
lr: 0.0002
wd: 0.005
d_model: 16
n_heads: 2
n_layers: 1
d_ff: 1024
batch_size: 1024
dropout: 0.4440000048423924
margin: 0.702397486607711
epsilon: 0.01
Train losses 
0.8856900215148926
0.8931350588798523
0.8737488269805909
0.9058774709701538
0.8625081181526184
0.8831230282783509
0.8419903993606568
0.8433682680130005
0.8221964597702026
0.8550235748291015
0.8008111357688904
0.8537027597427368
0.8440253973007202
0.8265274882316589
0.8255217671394348
Val losses 
0.4622410535812378
0.4213339686393738
0.4250050187110901
0.44815319776535034
0.4537622630596161
0.4375360310077667
0.4431476891040802
0.4629725515842438
0.44570210576057434
0.4550013840198517
0.4297429025173187
0.4495963156223297
0.4287678897380829
0.46618780493736267
0.42152729630470276
