CONFIGURATION: 
Training time: 1177 
lr: 2e-06
wd: 0.001
d_model: 512
n_heads: 16
n_layers: 1
d_ff: 2048
batch_size: 1024
dropout: 0.24687312547365797
margin: 0.3728815396658745
epsilon: 1e-05
Train losses 
0.6667531490325928
0.6449650406837464
0.6578009366989136
0.6503854274749756
0.6698174238204956
0.6553325533866883
0.6165513396263123
0.6770023465156555
0.6350932002067566
0.6327651381492615
0.6602144718170166
0.627394437789917
0.6346590638160705
0.6368852615356445
0.6344591021537781
0.6467660188674926
0.6418744206428528
0.6753347277641296
0.6539945602416992
0.640272343158722
0.6319853305816651
0.6493943333625793
0.637532651424408
0.641222071647644
0.6566594839096069
0.6338258385658264
0.6765698790550232
0.6340272665023804
0.6213017702102661
0.6435518980026245
0.654272198677063
0.6473836541175843
0.668703579902649
0.6105358004570007
0.6045200228691101
0.6352794885635376
0.6564828157424927
0.6431651711463928
0.638280987739563
0.634335708618164
0.6477577567100525
0.6335407018661499
0.6403326630592346
0.645347785949707
0.6284894824028016
0.6130465507507324
0.6193785786628723
0.660751748085022
0.6424618721008301
0.6144686222076416
Val losses 
0.30404216051101685
0.3424460291862488
0.3183218538761139
0.32843536138534546
0.3308812975883484
0.35299503803253174
0.33901429176330566
0.34154409170150757
0.3423146903514862
0.33720362186431885
0.3349885642528534
0.33428123593330383
0.32968252897262573
0.322429358959198
0.3384460508823395
0.29823848605155945
0.34223657846450806
0.3265811800956726
0.32074862718582153
0.32408544421195984
0.3189409673213959
0.3418060541152954
0.342716246843338
0.3177229166030884
0.3339179456233978
0.3085533380508423
0.33308547735214233
0.31219562888145447
0.3326675295829773
0.3257097601890564
0.33586591482162476
0.331838995218277
0.3156672716140747
0.30506861209869385
0.3127630352973938
0.33128657937049866
0.3336096704006195
0.3149949014186859
0.3343965709209442
0.31535154581069946
0.31812071800231934
0.3217821419239044
0.3029000759124756
0.309299498796463
0.31586551666259766
0.3255305290222168
0.32687297463417053
0.33558252453804016
0.3076113760471344
0.3168255388736725
