CONFIGURATION: 
lr: 2e-06
wd: 0.05
d_model: 16
n_heads: 16
n_layers: 3
d_ff: 1024
batch_size: 128
dropout: 0.7166255406752606
margin: 0.8640986136224867
epsilon: 1e-05
Train losses 
1.0160791349055163
1.0284095682314973
1.0017349995783906
0.9984082713055966
0.9975296685944742
1.007167439852188
1.0065670360380143
1.005172564912198
0.9992609299830536
0.9952238344434482
0.9827101657639689
0.9935857226599508
0.9984778361534005
0.992922654792444
0.9969778728129258
0.997084895176674
0.9994427801957771
Val losses 
0.7512998580932617
0.741811718259539
0.7209040735449109
0.7244023893560682
0.7251739501953125
0.7237961888313293
0.7266370866979871
0.7167311310768127
0.7149934470653534
0.7400064510958535
0.732677664075579
0.7267451243741172
0.7439355509621757
0.6952693377222333
0.7189607577664512
0.7355060832841056
0.7610151043960026
