CONFIGURATION: 
lr: 0.0001
wd: 0.1
d_model: 512
n_heads: 16
n_layers: 1
d_ff: 1024
batch_size: 256
dropout: 0.1925846848880359
margin: 0.8604567952274467
epsilon: 0.1
Train losses 
0.8238791227340698
0.7986699198231553
0.8089221228252758
0.8074575590364861
0.8144072709661542
0.8050737164237283
0.797822527813189
0.7938668366634485
0.7941267490386963
0.7951292088537505
0.8001962484735431
0.7937975742600181
0.7985530495643616
0.8025949868288907
0.7979973500425165
0.7920512864083955
0.803500114065228
0.8118608756498857
0.8184657855467363
0.8123396544745474
0.7866647369933851
0.80728582721768
0.8064271247748173
0.7910724354512764
0.8016396074584036
Val losses 
0.6253259352275303
0.5864402779511043
0.6088403633662632
0.5947784696306501
0.5698583211217608
0.5871536902018956
0.6194209200995309
0.6075588975633893
0.5934308171272278
0.6145148362432208
0.5899500676563808
0.6154416714395795
0.630629667213985
0.5931079387664795
0.615134699004037
0.6020370721817017
0.6194628306797573
0.5905939255441938
0.5797365818704877
0.6192858474595206
0.5913601006780352
0.5993309446743557
0.6111137866973877
0.5902227418763297
0.580335795879364
