CONFIGURATION: 
lr: 0.0002
wd: 0.0001
d_model: 256
n_heads: 16
n_layers: 3
d_ff: 1024
batch_size: 64
dropout: 0.7695212826518897
margin: 0.5319911481098617
epsilon: 0.01
Train losses 
0.7299297240045336
0.7444166929633529
0.7450467617423446
0.7461894256097299
0.7641170501708985
0.7463090521317941
0.7459920384265758
0.7526504300258777
0.7554895690193882
0.7504326785052264
0.7568590899308523
0.7410101449048078
0.7573729610001599
Val losses 
0.3930574059486389
0.39663182305438177
0.3984229766896793
0.4029053369803088
0.37804981055004255
0.4095702682222639
0.4184702028121267
0.387531865388155
0.40550592115947176
0.35611981100269724
0.379077891686133
0.3995285704731941
0.40302612100328716
