CONFIGURATION: 
lr: 2e-06
wd: 0.0001
d_model: 256
n_heads: 4
n_layers: 2
d_ff: 2048
batch_size: 256
dropout: 0.7973957156019637
margin: 0.8692537190250247
epsilon: 1e-06
Train losses 
1.0235618298703975
1.0050166827259641
1.007278101010756
0.9877027507984277
1.0130089069857742
1.0129572821385933
1.0065714156988896
1.0092433221412427
1.0087492989771294
1.0041828047145496
0.9969247380892435
1.013398629246336
1.0001792040738193
1.0053053696950276
0.993263921954415
0.98671401088888
0.9782930757060195
0.9978358474644747
Val losses 
0.6346999321665082
0.6190160172326225
0.5990979330880302
0.6079078912734985
0.6311664836747306
0.6132745827947345
0.5935334733554295
0.6192128913743156
0.5889317563601902
0.6100107772009713
0.5876983404159546
0.5885956117085048
0.5756783655711583
0.617994657584599
0.5846501844269889
0.6157997420855931
0.632075812135424
0.6394942487989154
