CONFIGURATION: 
lr: 0.001
wd: 0.0005
d_model: 16
n_heads: 2
n_layers: 2
d_ff: 256
batch_size: 1024
dropout: 0.7370885722404203
margin: 0.5077928975296363
epsilon: 1e-05
Train losses 
0.7481811568140984
0.7397182434797287
0.7215467393398285
0.6984733566641808
0.6736403703689575
0.6689506694674492
0.648405060172081
0.637008547782898
0.6369927227497101
0.6395431682467461
0.6317289024591446
0.6287676692008972
0.6179011538624763
0.6167967468500137
0.6311445087194443
0.6077163591980934
Val losses 
0.4490887522697449
0.44833511114120483
0.42188212275505066
0.4111211895942688
0.41477376222610474
0.43455514311790466
0.4328438937664032
0.4310220777988434
0.43810373544692993
0.44053930044174194
0.43818265199661255
0.4449106454849243
0.44211292266845703
0.44232919812202454
0.44277864694595337
0.447767049074173
