CONFIGURATION: 
Training time: 126 
lr: 1e-05
wd: 0.01
d_model: 64
n_heads: 2
n_layers: 2
d_ff: 128
batch_size: 512
dropout: 0.12522319961132905
margin: 0.7370347278687087
epsilon: 0.001
Train losses 
0.7782903254032135
0.7675585925579071
0.764209246635437
0.7965546131134034
0.7755198955535889
0.7653713703155518
0.7539599418640137
0.7791340589523316
0.7643562197685242
0.7689499437808991
0.7574910402297974
0.7697069883346558
0.7922860026359558
0.7532706499099732
0.758126562833786
Val losses 
0.6236277222633362
0.6310967803001404
0.6674521565437317
0.6381927728652954
0.6352964043617249
0.6248165369033813
0.6195434331893921
0.623919665813446
0.6238683462142944
0.6155740022659302
0.6381320953369141
0.6289384961128235
0.6175350546836853
0.6359647512435913
0.5978370308876038
