CONFIGURATION: 
Training time: 211 
lr: 1e-05
wd: 0.0005
d_model: 64
n_heads: 4
n_layers: 3
d_ff: 1024
batch_size: 16
dropout: 0.1619527397756944
margin: 0.12375957079115218
epsilon: 0.0001
Train losses 
0.3661766511201858
0.36316964856215883
0.32125578322580883
0.27341255741459985
0.23793004623481206
0.21527520443711962
0.20954985891069686
0.20221834480762482
0.1974628385901451
0.1964882308457579
0.2024000667674201
0.19229997928653444
0.19545487808329717
0.19072239117962975
0.19122837049620492
Val losses 
0.22926227748394012
0.21566350758075714
0.18843622505664825
0.1413375735282898
0.1335679441690445
0.12845838069915771
0.11507099866867065
0.11386756598949432
0.11164727061986923
0.11010613292455673
0.10897151380777359
0.10835638642311096
0.10598196089267731
0.10714025050401688
0.10999894142150879
