CONFIGURATION: 
Training time: 161 
lr: 0.002
wd: 0.1
d_model: 128
n_heads: 4
n_layers: 1
d_ff: 256
batch_size: 64
dropout: 0.1812191520813422
margin: 0.48618429618066966
epsilon: 1e-07
Train losses 
0.5894724668442518
0.5171624881097641
0.4614953460364506
0.43551056378189174
0.39813459399102746
0.39378437279969797
0.4085065907445447
0.3651057010752031
0.3556028530858029
0.3443690350000886
0.315760068852326
0.31601488436090536
0.3164363654180505
0.2993440204995802
0.30164839652763015
Val losses 
0.4015452265739441
0.3387320935726166
0.3326159417629242
0.3655027151107788
0.3322090804576874
0.3490079343318939
0.3051977753639221
0.3213459551334381
0.3034440577030182
0.25840991735458374
0.2740788757801056
0.24924802780151367
0.2273738831281662
0.2368614822626114
0.24227774143218994
