CONFIGURATION: 
Training time: 108 
lr: 1e-06
wd: 0.001
d_model: 128
n_heads: 16
n_layers: 4
d_ff: 2048
batch_size: 512
dropout: 0.3597097397598267
margin: 0.6128031726700974
epsilon: 1e-06
Train losses 
0.7636831164360046
0.7573658287525177
0.7739166796207428
0.7601827502250671
0.737708979845047
0.7668184041976929
0.7635684788227082
0.7650993227958679
0.7353104829788208
0.7481173217296601
0.7463707804679871
0.7489170134067535
0.7455816864967346
0.7437713325023652
0.7637764751911164
Val losses 
0.4143373966217041
0.438280314207077
0.4222133457660675
0.4250545799732208
0.4386604428291321
0.4267483055591583
0.42525285482406616
0.4106711447238922
0.40787607431411743
0.4300617575645447
0.4181366562843323
0.42880260944366455
0.40305861830711365
0.43066245317459106
0.4185675382614136
