CONFIGURATION: 
Training time: 131 
lr: 0.0002
wd: 0.0001
d_model: 512
n_heads: 16
n_layers: 2
d_ff: 512
batch_size: 512
dropout: 0.1180492167686078
margin: 0.7430909017394276
epsilon: 1e-05
Train losses 
0.6181976079940796
0.620978957414627
0.5831807017326355
0.5446404099464417
0.4815220385789871
0.42781995236873627
0.38617117404937745
0.3888003557920456
0.3361564755439758
0.34300661385059356
0.32006304562091825
0.3097891241312027
0.31236302852630615
0.312645697593689
0.29110988825559614
Val losses 
0.4874231219291687
0.42801928520202637
0.4178139269351959
0.36799943447113037
0.34068217873573303
0.30581045150756836
0.30230677127838135
0.2867548167705536
0.2865007221698761
0.2578217387199402
0.24421431124210358
0.24266047775745392
0.24978573620319366
0.21955345571041107
0.24222685396671295
