CONFIGURATION: 
Training time: 153 
lr: 0.001
wd: 0.01
d_model: 64
n_heads: 4
n_layers: 3
d_ff: 2048
batch_size: 128
dropout: 0.29173202378388036
margin: 0.5228950286960901
epsilon: 1e-08
Train losses 
0.6092947901681413
0.5571194783199666
0.5747947214647781
0.5761217925437662
0.5676014797632084
0.5222008387709773
0.4938694113908812
0.4598415091980335
0.45226891650709994
0.45005679061246473
0.4302354226278704
0.4180673603401628
0.41202390055323757
0.41435030726499333
0.4034707546234131
Val losses 
0.38328617811203003
0.3715779781341553
0.38590848445892334
0.40466469526290894
0.4336072504520416
0.4633038341999054
0.4980390667915344
0.4148659408092499
0.4204884171485901
0.43457865715026855
0.3791349232196808
0.3776283264160156
0.33511072397232056
0.3765281140804291
0.3719351887702942
