CONFIGURATION: 
Training time: 132 
lr: 1e-05
wd: 0.005
d_model: 32
n_heads: 4
n_layers: 1
d_ff: 128
batch_size: 256
dropout: 0.05977385640794425
margin: 0.7237550865375941
epsilon: 0.0001
Train losses 
0.6753284136454264
0.6831265971774146
0.6777205665906271
0.6785733302434286
0.6788765986760458
0.6740879246166774
0.6881212705657596
0.6944683818590074
0.6808715377535138
0.6752479871114095
0.6683044320061093
0.6683261479650225
0.6709842937333244
0.6807447047460646
0.669656977767036
Val losses 
0.570402204990387
0.5390987396240234
0.5432204008102417
0.5427278876304626
0.5681573152542114
0.5531725883483887
0.5678388476371765
0.5451008677482605
0.5685544013977051
0.5472927689552307
0.5615822672843933
0.5496633052825928
0.5641158819198608
0.5508948564529419
0.5845970511436462
