CONFIGURATION: 
Training time: 136 
lr: 1e-06
wd: 0.0005
d_model: 16
n_heads: 2
n_layers: 1
d_ff: 512
batch_size: 512
dropout: 0.3536359961776974
margin: 0.4810448167132406
epsilon: 0.01
Train losses 
0.6986434400081635
0.7093546032905579
0.6994008719921112
0.7152207314968109
0.7154588401317596
0.6945107460021973
0.7234551906585693
0.7088184118270874
0.7303455531597137
0.717841511964798
0.6957729876041412
0.718353134393692
0.6916181087493897
0.6837011992931366
0.6976129233837127
Val losses 
0.4694802463054657
0.4504784941673279
0.4588063955307007
0.4612599313259125
0.48685210943222046
0.49956971406936646
0.4549134373664856
0.47856631875038147
0.47145697474479675
0.4199623763561249
0.45718860626220703
0.4454790949821472
0.46112939715385437
0.4330226182937622
0.4675878584384918
