CONFIGURATION: 
Training time: 134 
lr: 1e-06
wd: 0.001
d_model: 16
n_heads: 2
n_layers: 3
d_ff: 512
batch_size: 512
dropout: 0.326072665792404
margin: 0.9734314361300178
epsilon: 1e-08
Train losses 
1.0546854376792907
1.0704879462718964
1.060974395275116
1.0815126419067382
1.095342719554901
1.0511895298957825
1.0690962672233582
1.0531298160552978
1.0437067806720735
1.0607147336006164
1.090322244167328
1.0605302572250366
1.0573043704032898
1.0527743339538573
1.0784071564674378
Val losses 
0.7699306011199951
0.7649804353713989
0.7769571542739868
0.7842758297920227
0.7619493007659912
0.7741631865501404
0.7782885432243347
0.7840368747711182
0.7537099123001099
0.7503946423530579
0.7582817077636719
0.7717658877372742
0.7564636468887329
0.7623633146286011
0.7910513877868652
