CONFIGURATION: 
Training time: 327 
lr: 0.0002
wd: 0.0001
d_model: 64
n_heads: 16
n_layers: 3
d_ff: 128
batch_size: 16
dropout: 0.1697803476170996
margin: 0.37166630475889484
epsilon: 1e-07
Train losses 
0.4907866043703897
0.4430567868692534
0.38283569220985686
0.35819735241787776
0.32234985981668746
0.2995149190511022
0.29008862657206397
0.2631945492965834
0.2562054261990956
0.25041135673012055
0.24214752205780574
0.24067665474755423
0.23387882888317107
0.23547508920942034
0.2389496507389205
Val losses 
0.3106570243835449
0.2710360288619995
0.268407940864563
0.23495784401893616
0.21407683193683624
0.2206985503435135
0.21265244483947754
0.20751652121543884
0.19551874697208405
0.2047921121120453
0.1953829675912857
0.17869879305362701
0.17566807568073273
0.17435632646083832
0.17478719353675842
